100 20 50
0.987263621942
0.325904264522
0.127605481989
0.00559911998994
0.688959726097
0.226930303003
0.707435591535
0.774189552916
0.266506481596
0.529456972815
0.455821139171
0.834643427682
0.409933360084
0.857737271919
0.287518234116
0.945666415801
0.423159818692
0.641286289747
0.757099172794
0.530120037423
0.562902502659
0.524767009928
0.295993106926
0.698638162699
0.570071327475
0.80292118525
0.598566986105
0.114580824506
0.61329618732
0.0884095879031
0.199499079434
0.219784615313
0.68253115679
0.700329914756
0.652598888275
0.189068056687
0.607207406242
0.438614622429
0.960275041302
0.283533309793
0.86576081472
0.194299919578
0.40483346561
0.736937863312
0.221648226205
0.898039534684
0.857748012382
0.153861568788
0.975110819448
0.728176663376
0.0617654900708
0.97898922986
0.943900688677
0.520560694503
0.312960366525
0.479245080778
0.172656089958
0.371783988116
0.666785249082
0.0341219186154
0.275729518117
0.999543665563
0.638260350094
0.505691853369
0.147353545281
0.0029069591907
0.423082611945
0.763723729835
0.349199816129
0.930858784978
0.0103368700303
0.889801046625
0.713070002551
0.610990211438
0.823778050118
0.179577743161
0.378069682045
0.659296531406
0.876817527066
0.213284680963
0.499216538163
0.880966263657
0.793226817523
0.11602606075
0.221876649925
0.807698700383
0.59928641935
0.729638883473
0.615999684363
0.12228859634
0.496523214445
0.309844497254
0.960461704781
0.381679254558
0.368122667273
0.579166308205
0.568345768665
0.424463031202
0.457806575567
0.693957722075
8 2 3 10 11 13 15 17 18
11 1 2 4 6 9 10 13 14 17 18 19
7 1 2 11 14 15 17 18
8 0 6 7 8 10 14 15 19
10 0 3 5 6 7 8 11 12 13 19
9 0 1 2 6 8 9 10 12 16
10 0 2 5 8 9 11 13 15 16 18
13 0 2 3 5 7 8 9 10 11 14 16 18 19
13 0 2 3 7 8 9 10 11 12 14 15 17 19
10 0 2 3 4 6 7 15 16 18 19
12 2 3 4 5 6 7 9 12 13 14 16 19
9 5 7 8 10 12 13 14 16 19
10 1 2 3 6 9 10 14 15 16 19
14 0 1 2 3 5 7 8 9 10 11 12 16 17 18
10 1 3 7 8 10 11 12 14 16 17
11 1 3 6 7 8 10 11 12 14 15 16
10 2 4 6 7 8 10 11 13 16 18
8 0 2 5 7 8 10 13 17
10 1 3 4 6 8 10 12 16 17 19
6 5 6 8 10 15 18
14 0 1 5 6 7 8 9 10 11 12 13 15 17 19
13 0 3 4 5 6 7 10 12 13 14 15 16 17
10 1 2 3 7 8 9 12 13 14 15
11 0 1 4 6 8 9 11 13 14 15 19
7 2 3 5 8 11 12 14
11 0 1 2 4 5 6 9 10 12 14 16
8 0 2 3 4 6 9 10 13
4 8 10 13 15
11 0 3 4 5 8 9 10 12 14 15 18
12 0 1 3 4 5 6 7 8 10 13 15 16
12 6 8 9 10 11 12 14 15 16 17 18 19
9 0 1 3 4 8 11 13 16 19
8 1 4 6 9 13 14 15 17
9 3 4 8 10 14 15 16 17 19
15 0 3 4 5 7 8 9 10 11 12 13 14 16 17 19
13 0 1 2 3 5 6 7 11 12 15 16 18 19
6 0 4 7 10 13 19
9 1 4 5 6 9 11 12 16 18
12 0 2 3 4 6 7 8 12 13 16 18 19
13 2 4 5 6 7 9 10 13 14 15 17 18 19
10 4 5 7 8 9 11 13 15 16 18
12 0 2 3 6 7 8 9 10 12 15 18 19
12 3 4 5 7 9 10 12 13 14 16 18 19
11 1 2 3 4 5 8 9 10 12 14 18
9 4 5 6 7 8 12 14 17 18
11 0 1 3 6 8 9 12 13 16 17 19
8 0 1 5 7 8 13 18 19
10 0 2 6 7 8 9 12 13 17 19
9 1 5 7 8 9 10 11 14 19
11 0 1 2 6 7 9 10 13 17 18 19
7 2 3 6 8 10 12 14
11 0 2 3 4 6 8 9 13 17 18 19
8 2 6 13 14 15 17 18 19
10 0 3 4 7 8 9 10 12 14 19
11 0 1 3 8 9 10 12 13 14 18 19
11 0 3 6 9 10 13 15 16 17 18 19
12 0 2 3 4 5 10 11 14 15 17 18 19
9 0 1 4 9 11 12 14 16 17
10 1 2 5 6 7 9 12 14 18 19
12 3 4 5 6 8 9 10 11 12 13 15 19
6 6 9 11 15 18 19
12 0 1 2 4 6 7 10 11 13 15 16 18
8 2 9 14 15 16 17 18 19
10 1 3 5 6 7 10 13 14 17 19
11 1 4 5 6 7 9 13 14 15 16 17
10 2 5 7 8 12 13 14 15 16 18
8 0 2 4 7 8 10 13 19
8 2 3 4 5 11 16 17 18
9 1 5 9 11 13 14 15 16 17
8 0 10 11 14 15 16 18 19
12 0 1 2 3 4 6 9 10 14 17 18 19
12 0 1 2 3 5 9 10 11 12 14 17 18
11 1 3 4 6 7 9 10 12 14 15 18
10 0 1 3 8 9 10 11 12 13 18
8 0 3 5 12 15 16 17 18
9 6 7 8 11 12 13 15 16 17
12 0 4 6 7 8 10 11 12 13 14 15 19
12 0 3 4 8 9 11 13 14 15 16 17 19
9 0 3 4 5 8 9 10 11 16
11 1 3 4 5 7 8 9 11 15 16 18
6 2 5 10 11 12 18
11 1 4 5 7 9 14 15 16 17 18 19
9 1 7 9 11 13 14 15 17 18
13 1 2 5 7 8 9 10 11 13 16 17 18 19
9 0 2 8 9 12 14 16 18 19
13 1 2 3 4 5 6 7 8 11 12 13 14 15
9 3 4 5 7 10 11 14 15 17
12 0 2 4 6 7 9 10 13 14 17 18 19
10 0 2 3 8 9 12 14 17 18 19
9 1 2 3 6 8 9 12 17 19
10 2 3 4 5 6 9 10 12 14 16
11 2 4 5 6 7 8 9 10 13 18 19
13 0 1 3 4 5 9 10 11 12 13 15 16 19
13 1 2 5 7 8 9 10 11 12 13 14 16 17
11 0 2 4 5 6 8 10 15 16 18 19
6 7 9 10 14 16 19
12 0 1 2 5 6 7 8 9 10 17 18 19
8 2 8 9 10 16 17 18 19
13 1 3 5 6 7 10 11 12 14 15 16 18 19
12 2 4 5 8 9 10 11 13 15 17 18 19
