500 20 250
0.425909998768
0.371873299915
0.469058034306
0.715017431575
0.340230714841
0.359194069787
0.615623247359
0.251360944921
0.293719572116
0.410231936668
0.740956474737
0.59120221022
0.95784294122
0.903493571195
0.414785019962
0.855415126345
0.540178203519
0.572887074175
0.0415972811662
0.636710428981
0.925885703524
0.555252429299
0.456506505068
0.451365834481
0.250681254566
0.825315997699
0.228833709438
0.66919858154
0.673301444911
0.467078350227
0.0531967999504
0.208893046877
0.850965614151
0.510306237444
0.638034178151
0.927938262344
0.682911283879
0.654902635206
0.828134264347
0.277764747352
0.784871353071
0.864850370431
0.119484330311
0.0930858746639
0.958418129079
0.614413921042
0.482586201806
0.182655181983
0.0292135928627
0.99554022459
0.987474671957
0.744729559749
0.590703606249
0.485138187469
0.834701985978
0.0031497493379
0.617297289508
0.241893050808
0.944844342684
0.496423375719
0.94016233325
0.189848515313
0.824322606515
0.762372798653
0.145333111705
0.0422093452463
0.0607491535908
0.527522729905
0.93727052639
0.991295138602
0.886239641979
0.158437790149
0.397953154811
0.264395982862
0.860056301068
0.859324129912
0.518037322215
0.394933949109
0.0225620607539
0.253498019704
0.372765584793
0.135777107091
0.867773478621
0.261538928079
0.404989566649
0.133873560299
0.321816344661
0.663277411062
0.564143946886
0.445756724037
0.841037787585
0.0145214237985
0.682042598226
0.0152565401225
0.232352634279
0.0495726072262
0.176622945714
0.247890479076
0.234813299526
0.941219576729
0.948605660054
0.996031438334
0.793867663941
0.901470854491
0.0852603344866
0.604855583321
0.854791459761
0.556410777888
0.309957209606
0.214899012115
0.305176228702
0.824103421171
0.516476594988
0.692452220352
0.59069468802
0.454824927761
0.569733482822
0.86286825582
0.720256072766
0.616349630289
0.75568625227
0.733728274125
0.208025566352
0.393245171611
0.818850358276
0.735487205458
0.532009380685
0.415346235303
0.232670233452
0.511952809043
0.508587142679
0.883156157444
0.833537283944
0.0203880727294
0.781975467228
0.730313297072
0.193563142921
0.547768551745
0.161772529611
0.235827171363
0.570493302031
0.48608032719
0.341514536001
0.511287399044
0.500238548806
0.439205374257
0.321885894202
0.458578151697
0.322383675102
0.955206529181
0.831579104627
0.794242717031
0.94707697978
0.805558999491
0.254765309576
0.708611618876
0.459449910505
0.433236082206
0.0705880297865
0.0224916438159
0.829014676813
0.499930623337
0.988019232398
0.160709491511
0.882108250619
0.411597647174
0.973476238994
0.0934215540889
0.535788759984
0.789140417034
0.513565031247
0.594029074548
0.465221029344
0.940037641835
0.729335519752
0.319810274132
0.300260846598
0.661331459219
0.793656056419
0.657693389887
0.890639050834
0.640126262314
0.23724317924
0.447339013965
0.539392328159
0.896346033582
0.661563600833
0.252457783065
0.975672299311
0.856185711259
0.464583024387
0.78341740314
0.222106467233
0.440894167182
0.669760348284
0.0640124297006
0.629824853227
0.403963529098
0.325857686075
0.917784717141
0.188536607352
0.511247320407
0.572361299773
0.143359132159
0.747330101648
0.477490970174
0.378886369152
0.869118035075
0.109644844961
0.11303671456
0.661812184838
0.739534889656
0.781503966326
0.353455234505
0.593407695248
0.132581445563
0.247385422761
0.981714781205
0.590300263033
0.912103370847
0.324360600048
0.00707573061062
0.697084267368
0.086863105351
0.883005501986
0.843951807387
0.0869258453555
0.676625323437
0.751430476396
0.097718719043
0.363345244438
0.872612535866
0.498517677222
0.428279981874
0.426670720256
0.409684824247
0.121877977283
0.208939267139
0.885808584264
0.565566873182
0.217509360372
0.267642896163
0.861263780058
0.972472918103
0.772507406817
0.308710425894
0.763599468122
0.759263916432
0.759382965097
0.321045277144
0.908564122263
0.297466884074
0.948367317222
0.580561179546
0.0838627623295
0.34315421401
0.842271490527
0.731423448706
0.455900092024
0.701152434814
0.397940580628
0.340636249885
2.4131507681e-07
0.340290428066
0.368912949038
0.602438495229
0.490534712154
0.357243110274
0.973629171935
0.711337717738
0.344639209766
0.914878402434
0.773116001933
0.0228744714088
0.674796730613
0.474361181317
0.719211240838
0.89569918776
0.874029078912
0.925259935736
0.963815605442
0.0511729593387
0.608769772873
0.211486448633
0.935927311768
0.753052583482
0.601952894879
0.79970171029
0.061131272937
0.603824741433
0.893355227937
0.941215429176
0.0661406582661
0.240564673001
0.782844057505
0.360255319288
0.284449481994
0.689779491669
0.1156567449
0.126525466306
0.556548877123
0.312420048438
0.142933375892
0.787644263552
0.019040674439
0.931383939307
0.0191070430398
0.393467355805
0.242758304325
0.789728971261
0.0210649804555
0.0101387022551
0.188743919779
0.111221918856
0.0920186996204
0.07132198916
0.966318668869
0.741611189823
0.696781019875
0.529310155701
0.126749640468
0.90756823988
0.10168709851
0.243212994102
0.0263704907766
0.77036177536
0.650131189001
0.351893284085
0.220681246377
0.945876588866
0.421475723716
0.551791110022
0.25156859931
0.605288009351
0.460763201812
0.365333377054
0.442814761756
0.233602873406
0.936692982242
0.823594783659
0.125399786813
0.0955147499441
0.708904161921
0.987252027019
0.779133152987
0.879396176129
0.646013555826
0.865722583408
0.54035470893
0.326713141485
0.157068583699
0.970508781822
0.157482884463
0.172360746179
0.22082896708
0.430801879361
0.198743483637
0.783677508375
0.842661630763
0.5164590853
0.0391920111706
0.871469320311
0.134294631696
0.0942162701992
0.217830557897
0.256131247035
0.947031055553
0.920665794357
0.0981602035868
0.120116607391
0.622296279201
0.567604049715
0.544920172474
0.920494467249
0.55705982015
0.193247540643
0.558667694709
0.0381387546483
0.233397472819
0.466854183468
0.278493409928
0.362382820078
0.556401229422
0.940775826489
0.138133014537
0.171640299088
0.163063198634
0.72243358947
0.000441992455412
0.0769615686121
0.765910718487
0.0978795045385
0.461322585593
0.0560828830813
0.673423197131
0.173407749212
0.385520952323
0.743159657793
0.743777766404
0.785540529677
0.377362582933
0.882065559003
0.187519754032
0.166189094167
0.414781694463
0.650809713375
0.8576770185
0.695385982652
0.398759055725
0.227799428138
0.190726440578
0.597343090977
0.359471123789
0.639402939456
0.462377807841
0.0656174399647
0.827046489376
0.00566519049802
0.875428906429
0.359387155708
0.988731009149
0.527079834776
0.0295361126479
0.0691114428224
0.29907089667
0.325634808028
0.512344185722
0.64667176662
0.800279976931
0.356001563737
0.436853216002
0.315055371346
0.302536935956
0.046693729568
0.164647767959
0.119497600369
0.27132828869
0.226349308488
0.285935141381
0.517460110194
0.0616561546281
0.253066409262
0.555814080446
0.703025394125
0.908473920386
0.0426551363785
0.422352220133
0.907767878031
0.254067541149
0.945408887743
0.584212329609
0.0179810393181
0.0459282055005
0.00214983057429
0.290369821779
0.926607164005
0.607249983884
0.921521352943
0.650711384919
0.982625733889
0.909172062916
0.924025813036
0.593048444945
0.230320339747
0.654418298562
0.0420009811323
0.87838530748
0.734035282592
0.742553337081
0.570565285239
0.470118874194
0.306924786692
0.913941178172
0.54792417129
0.0802160227653
0.202683737517
0.68329246709
0.480669991054
0.527696052115
0.704769623076
0.433815220611
0.377277296562
0.25886419002
0.0666132876917
0.25670813317
0.395942734891
0.379894009758
0.892975947836
0.738756326172
0.308964154841
0.773837422883
0.556103059619
0.455979836013
0.21885228637
0.459226919742
0.700684818468
0.240757124209
0.529817813953
0.0956997151884
0.0970553053199
8 0 1 5 7 8 13 15 18
14 1 2 3 4 5 6 7 8 9 14 15 16 17 19
9 0 2 3 5 6 8 11 18 19
12 2 5 6 7 8 9 11 14 15 16 17 19
13 0 1 3 6 9 10 11 12 13 14 15 16 19
12 0 1 4 5 9 11 12 13 14 15 16 19
14 2 3 4 5 7 8 9 10 13 14 15 16 17 19
11 2 5 6 8 9 10 11 13 15 17 18
7 3 4 5 6 13 18 19
13 0 2 3 5 6 8 9 10 13 15 16 17 18
8 2 4 6 8 9 10 11 18
7 3 5 9 12 14 16 19
10 2 3 4 5 7 10 12 13 16 19
9 0 1 2 3 7 8 9 12 16
9 0 1 3 6 7 11 15 16 17
11 0 2 3 8 10 11 12 13 17 18 19
10 1 2 3 5 7 12 13 14 16 18
7 3 5 6 7 8 9 19
8 0 2 6 10 11 12 14 15
9 1 3 4 7 8 10 14 17 18
5 7 8 9 10 15
10 2 3 4 6 7 10 11 12 13 18
8 1 4 9 12 15 16 18 19
8 3 7 8 9 13 15 16 19
9 0 1 3 4 6 7 11 14 17
10 0 1 3 4 6 7 9 10 12 17
13 2 3 4 5 6 8 9 10 11 13 16 17 19
11 0 2 3 5 6 9 10 13 14 15 17
6 0 2 5 10 14 15
8 0 1 2 3 8 10 11 18
10 1 5 9 10 12 14 15 16 17 19
10 0 2 4 6 10 11 13 14 16 18
10 1 2 3 5 6 10 11 14 15 17
8 1 5 6 9 10 11 14 15
9 2 4 6 8 11 14 16 17 19
9 2 3 8 9 10 13 15 17 19
12 2 3 5 6 7 9 10 11 13 16 17 19
7 0 5 6 9 11 13 18
9 0 2 6 7 8 9 15 16 17
11 2 3 5 7 8 10 14 15 16 17 19
9 1 2 3 4 7 14 15 16 18
12 0 2 5 6 7 9 10 12 14 16 17 19
9 0 1 3 4 10 11 14 16 19
9 0 5 7 11 12 14 15 16 18
12 3 4 6 8 9 10 13 14 15 17 18 19
11 0 1 4 5 6 10 13 14 15 18 19
13 1 2 3 5 6 7 10 12 13 14 15 16 18
11 1 4 5 7 8 11 12 13 14 18 19
12 0 1 3 4 5 10 11 12 15 16 18 19
12 0 1 2 6 8 9 11 13 14 15 18 19
7 4 5 6 10 14 18 19
13 0 2 4 5 6 7 8 9 11 12 15 16 19
10 2 4 7 9 11 12 13 17 18 19
8 1 2 3 4 9 15 18 19
12 0 3 5 6 7 9 10 11 14 17 18 19
7 1 2 4 5 6 8 10
10 1 2 3 5 7 10 13 14 16 19
13 0 2 3 4 5 6 8 9 10 11 15 17 18
15 1 2 4 6 7 8 9 10 11 12 14 16 17 18 19
9 0 1 3 4 5 6 12 15 18
11 1 3 4 6 8 11 12 13 16 17 19
9 1 4 5 7 9 10 11 17 18
10 2 4 10 11 12 13 14 15 17 18
10 1 2 4 5 9 10 11 12 15 17
12 2 3 7 8 9 10 12 14 16 17 18 19
12 0 1 4 5 11 12 13 15 16 17 18 19
10 2 3 4 5 6 7 12 15 17 18
9 0 1 3 5 6 9 10 16 18
8 1 2 3 5 10 12 15 18
10 0 1 3 7 10 11 12 14 17 19
7 0 6 7 11 12 13 14
7 2 5 8 10 11 15 17
10 0 1 2 6 11 14 15 16 18 19
13 0 1 4 6 7 8 9 10 11 13 15 16 18
11 0 1 2 3 4 5 6 7 8 11 16
14 0 1 2 3 5 6 7 8 9 10 12 13 14 18
11 1 2 3 8 9 10 11 14 15 18 19
11 0 1 2 4 8 9 13 15 16 18 19
9 3 5 6 7 8 11 13 15 18
9 1 4 8 9 10 12 13 15 19
12 0 2 3 4 5 6 8 9 12 17 18 19
9 0 3 4 7 9 10 14 17 18
15 0 2 3 4 6 7 8 9 10 12 13 16 17 18 19
7 4 6 7 10 13 14 17
8 1 4 6 7 9 12 14 17
9 5 7 8 11 13 15 16 17 19
8 0 1 5 6 8 9 13 14
13 0 1 2 3 4 5 6 9 11 13 14 17 19
8 1 2 4 9 13 17 18 19
10 2 4 8 9 10 13 14 16 17 18
13 1 2 3 4 5 6 8 9 12 13 15 16 19
11 4 6 7 8 11 12 13 14 15 16 19
8 1 4 9 10 12 15 17 18
11 0 2 3 5 8 9 12 13 15 16 18
8 0 4 6 11 13 16 17 19
14 0 1 2 4 5 6 9 11 12 14 15 16 18 19
10 1 2 4 5 8 9 12 17 18 19
12 0 1 4 6 7 8 9 10 11 12 15 18
12 1 3 4 6 8 11 14 15 16 17 18 19
11 0 1 2 4 5 6 7 10 12 18 19
11 0 2 4 7 10 13 14 15 16 17 18
14 0 1 2 3 4 5 6 8 9 10 11 16 17 18
9 0 2 3 4 7 9 14 15 16
12 1 3 6 9 10 11 13 14 15 16 17 19
9 1 4 5 6 10 13 14 16 17
10 1 3 5 6 8 9 11 13 14 15
9 0 2 3 4 5 6 13 14 17
7 3 4 9 12 14 17 18
10 0 5 6 9 12 13 14 15 16 17
13 1 3 4 5 6 7 11 13 14 15 16 17 18
16 2 3 4 5 6 7 8 9 10 11 12 13 15 16 17 19
11 0 4 6 7 8 10 13 14 16 17 19
8 2 6 9 10 12 15 16 17
13 1 2 3 5 6 9 10 11 12 14 15 17 19
10 0 1 2 3 6 7 9 11 13 16
16 0 1 2 3 4 5 9 10 11 12 14 15 16 17 18 19
12 0 2 3 5 8 9 10 14 15 16 17 18
15 0 1 5 6 7 8 10 12 13 14 15 16 17 18 19
9 1 2 5 6 8 9 10 12 15
7 0 7 8 14 16 17 18
8 6 7 8 10 11 14 16 19
13 0 1 2 3 6 9 10 13 14 15 16 18 19
7 0 1 5 10 11 16 19
10 0 3 4 5 7 9 10 16 17 19
13 0 1 2 4 9 11 12 13 14 15 17 18 19
6 0 1 10 11 14 16
12 1 2 3 5 6 7 10 11 13 15 17 18
12 0 1 3 4 6 8 10 11 13 14 15 17
10 2 3 5 7 8 12 13 14 15 16
12 1 2 3 7 8 11 12 13 14 15 18 19
13 0 1 2 3 4 7 10 11 13 16 17 18 19
8 0 2 6 9 10 14 15 18
13 0 1 2 3 4 7 8 9 11 13 17 18 19
11 0 1 6 8 9 10 12 13 14 17 19
9 3 7 8 10 11 12 13 17 19
7 3 4 8 10 12 14 18
7 0 1 5 6 7 9 10
5 2 3 7 11 16
15 0 1 2 3 4 5 7 8 9 10 11 12 14 15 18
10 2 4 6 9 10 12 13 16 18 19
8 2 3 4 9 11 12 13 18
8 4 5 8 9 11 13 16 18
7 1 2 3 6 7 11 16
11 0 3 8 10 11 12 13 14 16 17 19
11 1 4 6 7 8 11 12 14 17 18 19
11 0 1 3 4 5 7 10 15 17 18 19
12 0 1 2 4 5 6 7 9 11 15 17 18
8 0 1 4 10 13 14 16 17
10 4 6 7 8 9 11 12 15 16 17
9 0 4 5 9 10 11 13 16 17
12 0 1 2 3 4 6 8 11 12 14 15 17
12 1 2 3 4 5 6 10 14 15 16 18 19
8 0 2 10 12 15 17 18 19
10 0 1 3 6 7 10 12 15 16 18
12 1 5 6 8 9 10 12 14 15 17 18 19
8 0 2 3 6 7 10 18 19
8 1 2 6 11 12 13 14 15
11 3 5 6 8 10 11 13 14 15 16 17
5 1 11 12 13 17
9 0 1 2 3 6 9 16 17 19
11 0 1 2 3 4 6 9 12 14 18 19
12 1 2 3 6 7 8 9 14 15 16 18 19
11 0 2 3 4 7 10 11 12 13 15 16
8 0 1 4 5 8 11 17 18
14 0 1 2 3 6 7 8 10 12 14 15 17 18 19
15 0 3 5 6 8 9 10 11 12 14 15 16 17 18 19
10 0 3 4 5 8 10 12 14 18 19
12 0 1 2 3 4 5 6 11 13 15 18 19
7 4 7 12 14 15 17 18
9 1 4 5 6 8 11 12 17 18
12 2 4 5 6 8 9 10 14 15 16 18 19
9 5 6 10 11 13 14 16 18 19
15 1 2 3 6 7 8 9 11 12 14 15 16 17 18 19
9 1 4 6 7 9 11 15 17 19
10 0 1 4 5 6 8 10 12 15 16
8 0 4 6 11 12 13 15 18
10 0 1 2 4 6 8 10 14 17 18
12 0 3 4 8 9 10 13 14 15 16 17 19
10 0 1 2 7 9 10 11 15 17 19
10 0 1 2 3 5 7 9 13 17 18
9 1 2 3 5 6 8 9 18 19
13 1 2 3 6 7 8 9 10 13 14 15 16 18
12 2 3 4 5 6 7 8 9 11 13 15 18
7 5 11 14 16 17 18 19
13 2 3 5 6 7 9 10 11 12 14 15 16 18
11 2 4 6 7 8 11 12 13 15 16 17
13 0 2 3 4 6 7 10 11 13 14 16 17 18
8 1 4 10 11 13 14 15 18
12 0 1 2 3 4 6 8 9 14 15 16 19
15 0 3 4 5 6 7 8 9 10 11 12 13 15 16 18
6 1 4 5 7 13 14
10 1 2 3 5 7 9 11 14 16 19
6 0 8 9 11 15 16
11 2 5 6 9 11 12 14 15 16 17 18
11 0 1 2 3 5 6 7 11 14 15 18
8 3 8 9 10 11 12 13 18
11 3 4 7 8 10 11 12 16 17 18 19
3 5 15 17
11 1 4 5 7 8 10 13 14 15 17 18
10 1 2 4 6 8 9 12 13 17 19
14 0 2 3 6 8 10 11 13 14 15 16 17 18 19
10 3 5 6 7 8 9 10 12 17 19
8 2 4 9 10 12 15 17 19
12 0 1 2 3 4 5 8 10 14 16 17 18
11 2 3 4 7 10 12 13 14 15 16 17
8 4 8 11 13 14 15 16 19
6 3 8 13 16 18 19
11 1 3 5 6 7 10 12 14 17 18 19
8 0 6 7 11 14 17 18 19
7 0 4 5 8 9 10 15
9 0 3 5 6 12 14 15 16 17
8 0 1 2 4 8 14 17 19
10 0 2 3 4 5 7 12 15 18 19
9 1 2 3 5 9 13 15 16 17
9 2 6 8 9 10 12 13 14 16
9 3 6 9 10 11 13 14 15 17
11 0 1 3 4 6 7 9 12 13 16 18
12 2 5 6 7 8 10 11 12 16 17 18 19
9 6 8 10 11 12 14 15 16 17
11 0 1 4 5 7 8 10 13 14 15 18
10 0 7 8 9 11 13 14 16 18 19
9 0 2 6 7 11 12 15 17 19
12 0 1 2 3 5 7 10 11 14 16 18 19
10 0 2 3 4 7 10 13 16 17 19
9 2 3 4 5 7 10 11 13 18
10 1 2 4 5 7 9 11 14 17 19
7 0 1 2 3 4 5 17
7 0 3 4 10 15 16 17
6 1 4 5 6 9 18
8 0 1 4 7 8 11 18 19
13 0 1 2 3 4 5 7 9 13 14 15 18 19
9 3 6 9 11 12 13 15 17 19
8 5 6 8 9 11 12 15 18
9 0 2 3 5 6 10 12 17 19
12 1 2 3 4 5 6 7 11 12 13 15 16
11 2 4 6 7 10 11 12 13 15 18 19
9 0 1 2 4 6 8 12 15 19
14 0 1 4 5 6 7 8 9 11 12 14 16 18 19
8 1 3 7 9 10 12 14 16
7 7 8 11 13 14 15 17
17 0 1 2 4 6 7 8 9 10 12 13 14 15 16 17 18 19
10 0 3 5 6 8 12 14 15 17 18
8 0 1 3 7 9 12 17 19
8 0 2 5 11 14 15 16 18
12 1 2 3 5 8 9 10 11 14 16 17 19
11 2 3 4 6 8 9 11 14 17 18 19
15 0 1 2 3 6 7 8 9 10 13 15 16 17 18 19
9 1 2 3 8 14 15 17 18 19
13 0 1 2 3 7 8 9 10 11 14 15 16 17
10 4 6 7 9 10 13 14 15 17 19
11 2 3 4 6 9 11 12 13 14 16 19
10 0 3 9 11 12 14 15 16 17 18
14 0 1 2 3 5 6 7 8 9 11 15 17 18 19
11 1 3 4 7 8 9 10 13 14 15 16
10 2 3 5 7 8 9 10 11 16 19
16 0 1 2 3 4 5 6 7 8 9 10 11 12 13 14 18
6 4 5 7 12 16 18
10 0 3 4 5 6 8 9 13 14 16
7 0 1 6 9 10 15 17
14 1 2 3 6 7 8 9 10 11 13 15 16 17 18
11 0 1 5 6 8 10 11 13 17 18 19
9 1 2 4 6 11 14 15 16 17
7 6 8 10 11 15 16 19
8 0 1 2 3 5 6 9 14
9 0 1 2 3 5 8 17 18 19
14 0 1 2 5 6 8 10 11 12 15 16 17 18 19
5 2 3 4 10 11
6 0 5 6 7 11 18
8 0 1 4 5 10 14 17 19
9 2 4 5 9 12 15 17 18 19
12 0 6 7 8 9 11 12 13 16 17 18 19
9 1 2 3 5 6 7 8 15 18
10 0 4 5 8 11 12 14 16 17 19
10 1 6 7 8 10 11 12 13 14 18
6 1 3 5 7 11 14
12 2 3 6 7 9 10 11 12 15 17 18 19
14 0 1 3 5 7 8 9 10 12 14 15 16 17 19
10 0 1 2 5 6 9 11 12 13 16
8 0 1 3 4 6 9 12 13
10 1 4 5 7 8 9 10 13 14 16
11 2 3 5 7 8 10 13 15 16 17 19
10 0 1 4 5 7 10 13 17 18 19
8 1 2 9 10 12 14 17 19
9 0 6 7 8 9 10 14 16 18
8 1 3 5 7 12 14 15 16
9 0 2 3 4 5 8 11 15 18
6 4 7 11 14 16 17
7 0 1 2 5 7 16 19
11 0 2 4 7 10 13 14 15 17 18 19
14 0 3 4 5 7 8 9 10 12 13 14 16 17 19
13 1 2 3 6 7 8 9 11 14 15 16 17 19
9 0 2 10 11 13 14 15 16 18
11 2 3 4 6 8 9 12 13 15 17 19
8 2 5 8 12 13 14 16 19
11 2 4 7 9 10 12 13 14 17 18 19
10 1 6 8 9 10 11 13 14 18 19
14 0 1 2 5 6 7 8 13 14 15 16 17 18 19
11 1 2 4 5 7 11 13 14 16 18 19
13 0 1 2 3 4 5 6 7 8 11 12 13 16
3 2 7 16
12 0 1 3 8 9 10 11 15 16 17 18 19
6 0 2 8 14 17 18
8 0 4 5 6 7 11 13 18
10 2 3 4 7 9 12 13 14 16 18
10 1 3 5 6 8 10 11 13 14 19
12 0 2 3 4 5 9 12 13 15 16 17 19
11 1 2 3 4 7 8 12 15 16 17 18
10 0 4 7 8 9 10 12 13 16 18
7 3 4 5 9 10 13 14
7 2 3 8 9 10 12 16
9 0 2 5 6 7 8 16 17 18
12 0 1 2 6 7 12 13 14 15 17 18 19
13 0 2 3 4 6 8 9 10 11 13 14 15 16
9 1 2 3 6 9 13 15 16 17
10 2 3 4 6 8 12 13 15 16 19
9 1 3 4 5 6 9 13 14 15
7 1 3 8 9 16 17 18
11 2 3 8 10 12 13 14 15 16 18 19
11 0 2 3 6 9 10 13 14 16 17 19
9 0 3 4 6 7 9 12 16 18
11 1 2 3 4 8 9 13 15 17 18 19
13 0 4 5 7 8 9 11 13 14 15 16 17 18
8 3 4 5 8 11 13 14 17
10 0 1 4 5 6 7 8 9 10 11
11 0 1 2 3 7 10 11 12 13 15 19
10 0 1 2 4 7 8 9 10 15 17
5 2 4 6 12 14
13 0 1 3 6 7 9 10 11 14 15 16 17 19
8 1 2 3 4 6 8 9 19
10 0 1 2 5 8 10 13 15 17 18
12 0 2 3 5 6 7 10 11 14 15 17 18
10 2 3 5 6 8 9 11 16 18 19
7 1 7 8 9 10 14 18
7 0 8 9 12 13 16 19
12 0 1 5 10 11 12 13 14 16 17 18 19
9 3 5 6 7 9 13 14 17 19
10 0 4 5 6 7 9 10 11 12 16
9 1 2 4 8 9 12 16 17 19
9 0 1 2 7 8 9 14 17 18
12 0 3 5 6 8 13 14 15 16 17 18 19
12 0 3 6 7 9 10 12 14 15 17 18 19
6 3 5 6 7 13 16
14 1 2 4 5 8 9 10 11 12 13 15 16 17 18
13 0 3 5 6 7 8 9 10 11 12 14 17 18
8 1 4 5 8 9 11 15 16
8 1 2 3 4 6 10 13 19
16 0 1 2 4 6 7 8 9 11 12 13 15 16 17 18 19
8 5 8 9 12 14 15 17 19
7 2 3 9 13 14 16 19
13 1 3 5 7 8 11 12 13 15 16 17 18 19
11 1 2 3 4 5 6 8 10 12 15 19
14 0 1 2 3 4 6 7 8 10 12 13 14 15 18
12 0 1 2 4 5 7 8 9 13 15 17 18
8 0 5 9 11 12 14 16 19
8 3 4 5 6 7 12 16 18
12 0 1 2 7 8 13 14 15 16 17 18 19
8 1 3 6 8 9 11 13 16
11 0 1 2 3 5 6 8 9 11 13 18
7 1 3 12 15 16 17 18
6 4 8 9 10 15 18
12 0 1 2 4 5 6 7 9 10 12 13 15
11 2 3 4 5 6 8 9 10 12 13 18
10 1 2 3 4 6 8 10 17 18 19
16 0 1 2 3 4 5 6 10 11 13 14 15 16 17 18 19
11 2 3 4 6 7 8 12 14 16 18 19
6 1 3 4 5 11 15
10 0 1 4 6 10 12 13 15 17 18
12 0 1 3 4 6 8 9 11 12 13 15 19
12 4 5 6 8 9 10 12 13 14 16 18 19
9 2 4 7 9 11 12 15 17 19
9 0 1 2 3 4 7 9 13 17
9 1 2 3 5 9 12 14 15 18
11 2 3 6 7 9 10 13 15 16 18 19
12 0 1 2 3 7 8 9 11 12 13 14 19
9 4 6 7 10 12 13 17 18 19
7 0 6 10 12 14 15 16
7 0 2 3 15 17 18 19
9 1 4 5 6 8 11 12 15 18
10 3 4 5 6 7 9 10 11 16 19
9 4 6 8 9 10 11 12 18 19
10 1 2 4 9 10 13 14 15 16 17
13 0 3 4 5 7 9 10 12 13 16 17 18 19
10 0 2 3 4 5 6 10 11 13 14
12 0 3 4 5 9 10 11 12 13 15 17 19
10 1 3 6 10 11 14 15 16 18 19
8 3 7 8 9 10 11 17 19
8 0 2 8 11 12 13 16 19
10 1 3 4 6 7 9 10 13 14 18
10 0 1 3 4 5 8 10 11 13 14
12 2 5 6 7 8 9 11 12 14 15 16 18
11 1 3 5 8 10 11 13 15 17 18 19
12 1 2 4 6 7 9 11 14 15 16 17 18
8 1 5 6 7 11 17 18 19
12 0 4 5 6 7 8 9 12 13 16 18 19
14 1 3 4 5 6 7 9 11 13 15 16 17 18 19
9 1 4 5 6 10 11 14 15 18
8 4 5 6 7 10 12 17 19
10 0 1 2 4 7 10 13 14 18 19
10 0 5 8 10 11 13 15 16 18 19
7 3 5 6 8 10 15 17
10 2 3 7 8 9 11 14 15 16 17
9 0 3 4 5 8 10 13 14 15
12 1 3 5 6 8 9 12 14 15 16 17 18
13 0 2 4 6 7 9 10 13 14 15 17 18 19
9 1 6 8 9 10 11 13 16 19
8 0 5 7 9 10 13 14 19
11 2 3 4 5 7 8 12 16 17 18 19
7 3 7 9 11 12 14 17
10 0 1 3 5 6 7 11 12 15 18
5 0 5 7 9 18
8 1 2 4 5 7 10 11 19
10 0 3 4 5 10 11 12 14 17 18
7 3 5 6 9 14 16 17
12 0 1 3 4 6 9 10 11 13 14 15 19
9 0 3 5 7 8 10 12 14 16
10 0 1 4 7 10 11 12 13 17 19
14 0 1 2 4 5 6 7 11 13 14 16 17 18 19
10 3 5 6 8 9 11 13 14 18 19
11 2 6 7 8 9 10 13 14 16 17 19
8 2 5 7 9 10 13 16 17
10 1 5 6 7 10 11 12 14 17 18
12 2 3 4 6 8 9 10 12 13 14 15 16
13 0 1 2 3 4 6 8 10 12 14 15 18 19
11 1 5 6 7 11 12 13 14 15 17 18
11 4 5 7 9 12 14 15 16 17 18 19
12 0 2 3 5 7 8 9 12 16 17 18 19
9 1 3 4 9 11 12 14 17 18
10 1 2 4 5 7 9 11 14 17 18
13 0 2 3 4 6 8 9 12 13 15 16 18 19
8 0 1 6 7 11 13 15 17
10 1 2 4 5 6 8 10 11 12 13
8 2 3 5 6 10 11 13 14
10 1 3 4 8 11 12 13 14 15 16
9 0 2 3 6 7 9 10 11 18
11 0 3 4 7 8 9 12 13 14 17 19
6 2 7 8 9 17 19
10 0 1 2 4 7 9 10 13 15 18
11 0 2 4 5 7 8 10 11 12 13 17
10 2 4 5 6 7 11 12 14 15 17
11 1 2 3 4 7 8 9 11 12 13 15
10 0 2 3 4 5 9 11 13 15 19
7 0 1 4 5 8 11 13
8 2 3 4 9 11 12 16 19
12 0 1 4 7 8 9 11 12 13 14 15 16
15 0 3 5 6 7 8 9 10 12 13 14 15 16 17 18
13 1 3 4 5 7 8 9 10 12 13 15 18 19
9 0 1 4 5 8 10 11 14 19
9 0 1 3 4 5 8 10 12 19
12 0 1 2 3 4 8 10 11 12 14 15 18
11 2 3 5 7 12 13 14 15 16 18 19
12 0 3 4 5 6 7 8 9 10 11 12 13
10 2 4 6 7 12 14 15 16 18 19
6 1 9 10 11 14 18
11 0 1 3 4 5 8 9 10 13 14 18
10 6 7 8 9 10 11 12 15 18 19
9 0 1 3 4 5 6 8 9 11
12 1 2 5 6 8 9 10 11 12 13 18 19
14 1 2 3 6 8 9 10 11 12 14 15 16 17 18
13 0 1 2 3 4 6 8 9 10 11 14 18 19
11 2 5 6 7 8 11 12 13 15 16 19
9 0 1 2 3 4 7 10 14 15
13 0 1 4 5 6 7 10 11 13 15 16 17 19
10 1 2 5 6 7 8 9 13 15 19
9 2 3 11 12 13 15 16 18 19
7 3 4 11 12 13 14 16
11 0 3 5 10 12 13 14 15 16 17 18
9 0 6 7 8 9 10 12 17 19
9 0 1 2 6 7 10 11 17 19
13 0 2 3 4 5 6 7 11 14 16 17 18 19
10 1 3 6 7 8 13 14 17 18 19
12 1 2 3 4 8 9 10 13 15 16 17 19
11 2 4 5 6 8 9 10 11 13 17 18
15 0 1 3 4 5 6 8 9 10 12 13 15 16 18 19
13 0 1 2 4 5 10 11 13 14 15 16 18 19
7 5 6 7 10 11 13 19
11 4 5 8 9 10 11 14 15 16 17 19
10 2 3 4 7 9 10 13 15 16 18
6 0 9 11 12 16 17
11 0 1 2 6 8 12 13 15 16 17 18
12 1 2 3 4 5 8 9 14 15 16 18 19
13 1 3 4 5 8 10 11 12 14 16 17 18 19
4 9 10 11 17
11 0 1 3 4 5 6 8 9 11 14 15
9 1 6 8 10 11 12 13 14 16
9 2 3 4 5 10 11 17 18 19
12 3 4 5 7 9 11 12 13 14 16 18 19
8 2 5 8 9 12 13 14 16
14 0 1 2 3 4 5 6 7 10 12 13 16 17 18
11 4 7 8 10 11 12 13 14 15 16 18
12 0 6 7 9 10 11 12 14 16 17 18 19
11 3 5 7 8 9 10 14 15 16 17 19
7 0 3 5 6 8 11 14
7 0 4 10 11 13 14 18
7 5 6 11 13 14 15 18
12 4 5 6 7 9 10 11 12 14 15 16 19
10 1 2 5 6 7 9 11 13 17 18
7 0 4 9 10 12 15 18
13 0 3 5 6 8 9 10 11 13 16 17 18 19
12 0 3 6 8 10 11 14 15 16 17 18 19
9 1 4 5 9 13 14 17 18 19
