500 50 250
0.609627867592
0.13090802194
0.836263763978
0.6572854878
0.518299185813
0.61433627737
0.104485749715
0.387875738368
0.911002248945
0.00900251936681
0.713522598059
0.678499430001
0.985085482116
0.393252844114
0.0681920821895
0.424414926871
0.198557962051
0.448794166992
0.141482529287
0.0818274118888
0.175257921441
0.277610774784
0.537566789527
0.850517323488
0.565444702064
0.139496791398
0.103552363999
0.70662981107
0.426332015835
0.416400132966
0.493953685087
0.462486993764
0.0229850538591
0.869915727219
0.740242284874
0.847905470037
0.810080759728
0.180438676101
0.443838557725
0.486538213303
0.0782123665906
0.000454884527715
0.562835873189
0.641060641482
0.533015653569
0.521784623448
0.711673141402
0.793074997826
0.456802424002
0.19069776599
0.172024122014
0.888544527926
0.0901547310505
0.0475952400845
0.677554142962
0.358181612721
0.891167025437
0.0636807115637
0.207000409035
0.481645662855
0.780395696316
0.735528231665
0.795947012755
0.456452046296
0.965999934496
0.540985962858
0.0873338021598
0.37967638938
0.972139914926
0.630775471665
0.219339406181
0.98769246318
0.473644613802
0.362762681159
0.20711290859
0.827846413294
0.373263207121
0.0417945022816
0.1823901217
0.380645514812
0.336194193779
0.103752957364
0.74568936794
0.165415126654
0.886118425342
0.310841560484
0.133247820638
0.994590315963
0.942485875095
0.567140030576
0.687780352858
0.668794914487
0.349926849222
0.287102034328
0.0201224619884
0.555813912717
0.775919112484
0.611880572427
0.744300873846
0.00134617705333
0.353125711458
0.602057182086
0.928319917352
0.579269005704
0.518376230775
0.710231523558
0.399838440952
0.60793722212
0.735651022642
0.797414236186
0.279493736389
0.11938098081
0.297379973076
0.450794656736
0.284250465215
0.61588570891
0.692777751557
0.649854690389
0.884141858127
0.0346726483316
0.839585937629
0.158230330945
0.365702092122
0.662208377724
0.978073205787
0.977322773436
0.673872207621
0.799274032203
0.909063250893
0.57877125885
0.236106720174
0.774418946476
0.402715467397
0.553819760875
0.865769964109
0.016113922891
0.889963096459
0.237290787833
0.217664012438
0.435794562997
0.509406826617
0.381780468488
0.797611879495
0.139766626226
0.443101520686
0.0778109697975
0.607891710586
0.892356995393
0.379124917681
0.807119903109
0.188439100034
0.983832528495
0.267254743251
0.971790336771
0.385718405077
0.536023068585
0.376878138858
0.675648007223
0.519315954095
0.57607563818
0.431241172441
0.494927842906
0.867403012674
0.472387184374
0.659066612272
0.561194876253
0.8610194245
0.0975452878317
0.556216742794
0.0316240844194
0.592762202393
0.663728883528
0.805276902011
0.645457679263
0.952269288557
0.607859719405
0.701043392772
0.305265581714
0.214092537383
0.549780347743
0.580068969317
0.103924328803
0.916676283134
0.572276998394
0.44767868734
0.968215008474
0.477241336925
0.650779794031
0.160423921904
0.586482565876
0.253203578275
0.83511457439
0.581497975714
0.168901376119
0.463739789563
0.812652343984
0.520071578482
0.984853759242
0.386475136132
0.838694866798
0.100516220603
0.982058118812
0.357777342304
0.582790603366
0.142819449131
0.142665234235
0.174311033566
0.48479370064
0.613674369772
0.0866932127782
0.741602142725
0.752529432258
0.829958655676
0.588004581974
0.484040023759
0.285652934137
0.983460913211
0.599522253432
0.287138757055
0.682566670089
0.436873990486
0.6937738637
0.781812012033
0.423581671119
0.343765630109
0.808191476648
0.960841869892
0.383856355157
0.178950858467
0.69800884247
0.205764947208
0.900078185024
0.00405809257969
0.715564722661
0.420478563331
0.366478933738
0.590958074155
0.400058573226
0.788336796783
0.716089512731
0.184180677701
0.0409565961122
0.186107345168
0.647880589086
0.42137421192
0.795913939564
0.466236411234
0.52551973467
0.198758797171
0.6352732081
0.245411030302
0.818386759213
0.209373281209
0.72729388189
0.217334883591
0.503785685697
0.417455871086
0.887552480914
0.351001213866
0.286676506028
0.557639855577
0.629373986534
0.728235620124
0.209527741623
0.746227296374
0.664373705529
0.919639060683
0.00167411058499
0.893174724666
0.470382370389
0.396484260905
0.0894781209426
0.560848489407
0.947522047832
0.678381113872
0.224423604019
0.275214601787
0.485832267136
0.117013441921
0.28862928672
0.92804997964
0.841243834544
0.0919642970828
0.510175988614
0.0861419444188
0.987590345524
0.993272663784
0.600783220401
0.560560185243
0.988659225306
0.753530880546
0.691532472703
0.286675298427
0.942320234613
0.485964309187
0.53661223332
0.439885763904
0.782107775982
0.483262365544
0.385829582075
0.372084484738
0.168990370716
0.266520511583
0.203773906395
0.501214258246
0.0180946869084
0.94706203304
0.926743166046
0.0646386472444
0.941968682025
0.386161901939
0.121278777263
0.421633318122
0.904915906967
0.387205185006
0.819749223449
0.0114188348895
0.970382194842
0.0904046979556
0.36158192575
0.255876623281
0.453568086481
0.809938654398
0.91479538256
0.540055814025
0.285106378296
0.490099128277
0.943720025278
0.514127487855
0.184510783109
0.824920871694
0.659328241717
0.714682996927
0.0769052173998
0.444706043367
0.336952045672
0.713007820034
0.000617899697214
0.326625948644
0.0607591469056
0.319708513565
0.440587561994
0.439813931221
0.897020976984
0.299905880382
0.65535110664
0.335927165549
0.968323821642
0.18903238787
0.547368368746
0.0549107231965
0.969775893995
0.0539831457381
0.783486422519
0.628413415215
0.781917185611
0.209272836478
0.0842363482439
0.00222965850792
0.731484572491
0.60468319977
0.977930034195
0.141753282036
0.924008333944
0.369169866432
0.362988011203
0.709609922683
0.641758131718
0.540532768589
0.0898007287729
0.741819321876
0.677999598732
0.726005418819
0.0671195667356
0.739396069287
0.598184268776
0.448211571514
0.42887149244
0.629269334145
0.827355700264
0.698928685567
0.196814085572
0.238916580454
0.464790842802
0.142083320482
0.548508998605
0.502469257113
0.398117332933
0.294388241981
0.240384843893
0.239110274525
0.642598919484
0.623040974653
0.838701301891
0.275110826645
0.136214404504
0.0564866367097
0.893076976588
0.998176623522
0.626380951154
0.888686990692
0.458311818678
0.390755294825
0.442943848641
0.580666335857
0.766184891068
0.197888219375
0.249276855992
0.157694195897
0.946189071885
0.517680004614
0.157810918896
0.443622682083
0.200839577997
0.791381816354
0.279001053206
0.250284464232
0.886532548627
0.322066374389
0.373846969719
0.326267215732
0.78187888515
0.9640931547
0.882884296612
0.890270360367
0.744284212717
0.874242365663
0.437039277994
0.343387785565
0.0913371788656
0.465835600543
0.238155903123
0.277906584798
0.427564586158
0.024696028577
0.00130866584427
0.926950363811
0.474035414963
0.524237916345
0.394871927794
0.461268238985
0.77796066077
0.233099937172
0.119160285325
0.71934172387
0.654955543951
0.544225178095
0.539289352583
0.280607957122
0.103555081443
0.0105044969719
0.34671484648
0.147353662615
0.380669078489
0.478450173638
0.898846430138
0.146646776562
0.544754266198
0.422403429237
0.721438170784
0.681088323971
0.363239873203
0.0583335389187
0.517139895883
0.571965722178
0.409120305763
0.585693096531
0.323162229923
0.0771248685754
0.344493801455
0.645524813007
0.958632630825
0.923134286976
0.988301524867
0.184955976897
0.325183494877
0.816644062892
0.451089847746
0.197796899809
0.987733782305
0.765277945282
0.293318309541
0.113814607129
0.339121345514
0.159938831205
0.495386786231
0.600255947436
0.800088318551
0.539568368404
0.636781549327
0.463138035118
0.799455955651
0.0780581941908
0.245310785518
0.431329523892
0.329397714423
0.152566989907
0.630591397781
0.151270734277
0.0830808113869
25 1 2 6 7 9 10 11 12 14 16 21 22 24 27 33 34 39 41 42 44 45 46 47 48 49
21 0 2 4 5 7 12 15 21 22 23 24 25 29 30 33 38 41 43 44 45 48
22 3 6 8 12 15 16 19 22 25 27 28 30 31 34 35 38 42 43 44 45 46 49
22 2 4 8 12 13 14 15 16 21 24 25 26 27 29 30 33 37 40 42 44 46 48
23 0 2 3 4 5 8 10 12 13 17 19 20 21 23 25 31 32 35 37 42 43 44 47
22 4 11 12 18 19 22 25 26 27 28 29 30 31 34 36 39 40 42 43 44 48 49
26 0 1 3 4 5 7 8 10 13 16 17 19 21 23 25 26 28 29 35 38 39 40 42 44 46 48
20 0 4 9 10 14 18 19 21 23 25 27 28 30 31 33 39 40 44 46 47
27 1 5 9 16 17 18 22 23 24 25 26 27 28 29 30 32 33 34 35 36 40 41 43 44 45 48 49
29 0 2 3 4 5 6 7 8 9 10 11 14 16 17 19 20 22 25 27 29 30 34 36 37 41 42 43 45 46
27 0 2 3 5 8 9 10 16 20 22 23 24 25 27 28 29 32 34 36 38 40 44 45 46 47 48 49
31 1 2 3 5 6 7 8 9 10 11 13 14 15 20 22 23 26 28 29 30 31 32 33 34 35 38 42 43 45 48 49
31 0 1 3 4 5 6 8 9 10 11 13 15 17 19 21 23 25 26 31 32 34 37 39 40 41 43 44 45 47 48 49
19 3 5 7 8 21 24 26 27 29 31 32 33 35 37 38 40 41 44 45
31 0 1 3 4 5 6 7 9 10 12 15 16 18 23 25 26 27 28 30 31 33 34 35 36 37 38 39 40 42 44 48
27 0 1 3 5 6 7 8 10 14 17 18 19 20 22 23 24 25 26 28 29 30 34 35 37 39 43 49
26 0 3 4 5 6 8 11 12 14 17 18 19 20 23 29 30 32 37 38 41 42 45 46 47 48 49
23 1 2 3 5 6 7 10 13 14 15 16 18 22 24 32 34 38 40 41 44 45 46 49
25 1 2 4 5 6 14 15 18 20 21 23 28 30 31 32 33 34 35 36 37 39 42 43 46 49
20 4 8 11 13 14 19 20 22 27 31 34 35 36 39 41 42 45 47 48 49
18 2 6 7 8 14 15 16 19 21 25 26 27 28 34 37 39 41 44
26 1 2 3 4 6 9 10 13 14 16 19 20 22 25 28 33 35 36 37 38 39 42 43 44 46 48
26 0 1 3 4 7 10 13 14 16 17 19 21 22 24 28 29 34 35 36 39 40 42 43 44 46 48
25 3 5 7 11 12 14 15 16 21 22 26 27 29 30 33 34 35 36 37 39 40 41 43 47 48
27 0 1 2 8 11 12 15 17 18 19 21 22 23 24 26 27 28 31 34 37 38 40 41 43 44 47 49
24 1 2 3 4 6 7 10 11 12 13 16 17 19 22 23 24 28 31 34 35 36 38 43 49
30 2 4 5 6 8 9 11 14 15 16 17 18 20 21 22 23 27 28 30 31 32 33 36 37 39 40 42 43 44 49
27 1 3 6 8 10 11 12 15 18 20 21 23 25 27 28 30 33 36 37 38 39 40 41 43 44 46 48
32 0 2 5 6 7 9 10 13 14 16 17 19 20 22 23 24 25 26 28 29 31 35 37 40 41 42 43 44 45 47 48 49
31 1 2 6 10 11 14 15 16 17 18 19 20 21 24 25 27 28 30 31 32 34 35 36 39 40 41 42 43 44 45 46
26 0 1 2 3 8 9 11 12 14 15 18 19 20 21 23 24 25 26 27 31 35 38 40 42 43 44
27 1 2 3 4 5 7 9 10 15 16 17 19 20 26 27 29 31 32 37 38 39 40 42 44 46 48 49
34 0 2 4 5 6 7 8 12 13 14 16 17 19 20 21 22 23 24 26 27 28 31 32 33 35 36 37 38 40 42 46 47 48 49
26 0 2 4 5 6 8 9 11 13 14 18 19 20 23 24 28 30 32 33 35 36 38 39 40 41 44
27 2 3 4 5 6 8 11 16 18 19 20 21 22 23 25 29 31 32 34 36 37 40 41 46 47 48 49
27 5 7 8 9 10 11 12 13 16 17 19 21 23 30 33 34 35 36 37 38 40 41 42 44 46 47 49
25 0 1 7 8 12 13 14 15 18 20 21 22 25 28 30 31 32 33 37 38 42 44 45 47 48
29 3 5 6 7 8 11 12 13 16 17 20 23 25 26 27 29 32 33 34 36 37 38 39 41 44 45 47 48 49
17 1 5 6 9 11 12 15 18 19 20 21 22 31 43 45 47 49
31 0 2 3 5 6 7 8 9 11 12 14 16 17 18 19 20 21 23 24 25 27 28 33 35 37 39 40 42 43 45 46
21 0 2 3 6 12 16 17 18 21 22 25 27 31 35 37 39 40 43 45 46 47
23 1 3 4 8 15 16 17 18 19 21 22 23 24 27 30 33 35 39 40 42 46 47 48
32 1 2 3 4 6 7 8 9 11 14 15 18 19 20 21 23 25 26 27 28 29 30 33 34 37 38 40 42 44 46 47 49
30 4 7 8 9 10 12 13 14 15 16 19 20 21 23 24 25 26 27 31 34 38 39 40 42 43 44 45 46 48 49
30 0 2 4 5 10 11 13 14 17 18 19 20 24 25 26 29 30 33 34 36 37 38 39 40 42 43 44 45 48 49
25 0 1 3 9 10 12 14 15 17 18 19 20 24 25 30 31 34 36 39 40 41 45 46 47 49
23 3 5 6 7 11 13 19 21 24 25 26 28 29 31 32 33 36 37 40 41 47 48 49
26 1 2 5 6 11 20 21 23 24 25 26 27 28 29 30 31 33 34 36 37 39 40 43 44 46 49
23 3 5 10 11 14 18 20 21 22 23 24 25 27 29 30 31 34 35 36 37 44 46 49
25 1 2 4 5 6 8 9 19 20 22 23 24 27 29 32 37 39 40 41 42 43 46 47 48 49
26 0 2 4 5 6 7 8 9 10 13 16 17 18 19 22 24 25 26 28 31 33 35 36 37 45 46
29 0 2 3 6 7 10 11 15 16 17 20 21 22 25 26 28 31 32 34 35 36 38 39 41 44 45 47 48 49
27 1 2 3 5 6 7 9 10 12 15 16 17 20 21 22 23 26 27 30 31 34 37 38 40 47 48 49
30 1 6 7 8 10 11 12 14 15 16 18 20 21 22 25 26 27 29 30 32 33 36 38 40 41 42 44 45 48 49
27 3 4 5 6 8 11 14 16 19 20 21 24 25 26 27 30 31 32 34 35 36 39 41 43 45 48 49
22 2 4 11 13 15 17 18 20 23 24 25 26 30 32 33 34 35 36 38 40 48 49
26 0 1 2 3 4 5 6 8 9 10 11 12 13 14 15 18 19 24 27 31 32 33 34 38 40 47
27 0 3 4 6 10 13 14 15 16 18 19 21 22 24 27 28 29 33 34 35 36 37 38 40 41 44 46
27 1 2 4 5 6 7 8 9 12 15 16 19 20 21 22 26 28 29 32 35 38 40 41 44 46 47 49
21 0 3 5 8 12 16 18 21 26 28 31 32 33 35 38 39 41 44 46 48 49
29 0 2 3 4 9 12 13 14 16 19 20 21 22 24 25 26 30 32 33 36 37 38 39 41 42 43 46 47 48
28 0 1 2 3 4 7 9 16 17 19 22 24 25 26 30 32 33 34 35 36 37 42 43 44 45 47 48 49
26 0 2 9 13 14 15 16 17 19 20 23 25 26 27 29 30 32 34 35 39 40 44 45 46 47 49
26 1 2 3 4 7 8 9 11 15 18 21 22 23 24 28 29 30 36 38 39 40 41 43 44 46 47
25 1 4 5 8 10 11 16 20 21 23 25 27 29 30 32 34 36 37 38 39 44 45 47 48 49
24 2 6 7 9 10 11 13 14 15 16 18 22 23 25 30 34 35 36 37 40 41 47 48 49
35 0 2 3 4 6 7 8 9 10 11 12 15 16 18 19 20 22 23 24 26 28 29 31 32 33 34 35 36 37 38 40 41 43 44 47
22 0 4 9 10 11 16 20 23 24 26 27 29 31 33 36 37 42 44 45 46 48 49
26 2 3 4 5 10 11 12 13 15 17 20 21 24 28 34 35 36 37 41 42 44 45 46 47 48 49
24 0 1 3 4 7 8 10 11 14 15 18 22 23 25 26 30 32 33 35 40 43 44 48 49
24 0 2 3 4 7 10 11 12 13 15 17 18 19 20 22 23 25 31 33 37 39 42 46 47
29 1 2 3 4 5 6 8 10 12 13 15 17 18 19 22 24 28 31 32 35 37 38 40 41 43 44 45 47 49
24 0 1 3 4 6 7 12 15 16 17 19 23 24 25 26 27 33 37 38 39 40 42 43 49
17 3 5 12 13 15 18 21 22 25 27 29 30 31 36 40 41 46
21 2 3 4 5 6 7 8 11 18 19 21 25 26 33 36 39 40 45 46 47 48
26 0 6 7 8 9 10 11 12 17 18 23 24 28 31 32 33 34 35 36 39 40 43 44 45 46 48
33 0 2 5 6 7 8 9 10 13 14 17 19 20 21 22 23 24 25 26 27 28 29 30 31 32 35 37 38 40 42 45 46 49
23 2 7 11 14 17 19 20 22 24 26 28 30 31 33 35 36 38 39 40 41 42 44 49
27 0 2 3 4 9 10 11 12 13 15 17 19 21 22 23 25 29 31 33 35 36 38 41 42 44 48 49
24 0 5 6 7 8 9 13 15 17 19 20 27 29 31 32 34 36 39 40 41 43 45 47 48
31 0 1 2 4 5 6 8 9 10 12 16 17 18 20 22 23 24 25 28 34 37 40 41 42 43 44 45 46 47 48 49
33 0 3 4 5 7 9 10 11 12 13 14 17 18 19 22 23 25 27 30 31 33 34 35 37 38 40 41 42 44 45 46 48 49
24 0 1 3 4 8 12 15 17 19 24 25 26 29 30 34 35 39 40 42 43 44 46 47 48
24 0 2 5 6 7 10 11 12 14 18 19 20 23 25 31 32 35 36 40 42 43 44 45 49
22 1 2 5 9 11 12 14 16 22 27 29 30 35 36 37 39 40 41 42 46 48 49
25 2 4 5 8 11 14 16 18 20 21 22 25 28 29 30 32 33 34 35 37 39 42 43 44 45
25 0 2 3 4 6 7 10 11 15 17 18 20 21 25 29 33 35 36 38 39 41 45 46 47 49
29 0 1 2 4 6 7 9 12 13 16 17 19 20 22 23 25 28 33 34 36 39 40 41 43 45 46 47 48 49
25 0 2 7 9 12 15 16 18 19 24 26 29 30 32 35 38 39 40 42 43 44 46 47 48 49
29 0 2 4 7 8 13 15 17 18 19 20 21 23 24 26 27 28 30 32 33 34 35 36 39 43 44 45 48 49
30 2 4 5 6 7 8 9 10 11 12 13 17 18 19 20 21 22 26 27 28 30 33 35 36 38 40 41 42 44 45
27 0 1 2 3 4 5 9 11 12 13 19 21 23 24 25 26 27 28 29 32 37 38 43 45 46 47 49
31 2 4 5 6 7 8 12 14 15 16 17 18 19 21 25 27 28 29 31 32 34 35 37 38 41 43 44 45 47 48 49
21 0 3 4 5 7 8 10 12 14 15 16 17 19 26 27 29 34 42 43 47 48
30 1 4 5 6 7 9 11 13 15 17 18 19 21 22 24 26 28 30 31 32 34 35 36 38 39 40 41 42 45 47
23 1 3 5 6 8 11 13 14 18 19 20 21 26 27 28 29 37 38 41 43 45 46 49
33 0 1 3 4 7 9 10 11 12 13 17 18 19 20 21 22 23 24 26 29 30 33 34 37 38 39 40 41 43 44 45 46 47
26 1 2 3 4 6 9 10 12 14 18 19 27 28 29 30 32 33 34 37 39 41 42 43 46 47 49
20 4 5 8 15 16 17 19 22 23 24 27 28 33 35 36 38 39 40 44 45
27 1 3 5 7 12 13 14 18 20 21 23 28 29 31 33 34 35 36 37 38 39 41 42 43 45 47 49
25 0 1 3 4 5 6 8 9 12 13 19 24 26 27 29 31 32 35 37 41 44 45 46 47 48
24 0 1 4 8 10 11 12 13 15 16 20 22 23 26 27 28 31 32 33 41 42 43 46 49
25 2 4 5 6 7 11 12 13 16 20 21 22 23 27 28 29 30 33 34 35 43 44 45 48 49
27 0 1 4 5 6 7 8 10 11 13 14 15 16 17 18 21 25 26 28 29 33 35 39 45 47 48 49
24 0 2 3 4 5 7 8 9 11 12 14 16 17 19 25 28 31 32 33 34 39 41 46 47
22 1 3 4 9 10 11 15 19 21 24 29 31 32 34 35 37 38 40 41 42 47 49
30 0 1 3 4 6 7 8 9 10 13 14 15 16 18 19 20 24 26 27 29 30 31 35 36 39 40 42 43 44 49
23 0 1 2 5 7 8 13 16 20 21 22 24 25 27 29 34 35 37 39 43 44 46 47
28 3 5 6 7 9 10 11 13 14 15 16 17 18 19 26 28 29 30 31 34 35 37 39 40 45 46 48 49
28 3 4 6 7 8 10 11 15 16 18 20 24 26 27 28 30 31 33 36 37 38 40 41 43 45 47 48 49
27 0 1 2 3 5 8 12 13 14 15 17 19 21 22 23 24 31 34 36 37 39 41 43 45 46 47 49
17 3 8 11 14 15 22 24 26 27 28 29 30 31 41 42 43 48
28 5 6 7 9 14 15 16 17 18 19 20 22 23 25 27 31 32 35 36 37 38 39 40 41 42 44 46 47
28 1 3 6 7 9 10 12 16 17 20 21 25 27 29 31 32 33 34 36 38 39 40 41 42 44 45 47 48
22 2 3 5 9 10 11 12 13 18 21 23 24 30 31 35 36 38 39 42 44 46 47
31 1 2 3 4 7 9 10 12 14 15 19 20 21 24 25 27 28 31 32 33 34 36 38 39 41 42 43 44 47 48 49
25 1 2 4 5 6 8 12 13 14 15 16 17 21 25 26 29 30 33 34 38 41 45 46 48 49
23 0 1 2 7 9 11 14 15 16 18 22 26 27 28 29 31 32 36 38 41 46 47 48
26 0 1 2 4 5 6 10 11 12 17 18 19 22 23 24 26 28 30 31 36 37 42 44 45 46 48
30 1 2 3 4 6 8 9 10 11 12 14 15 16 17 21 22 24 26 27 28 29 31 32 33 37 39 41 42 44 46
33 0 3 4 7 8 9 10 14 15 16 18 19 21 22 24 25 26 28 29 33 34 35 36 38 40 41 42 43 44 46 47 48 49
31 1 2 3 5 6 10 14 17 18 19 21 23 24 25 26 29 30 31 33 34 35 36 38 39 41 43 44 45 46 47 48
28 0 1 4 5 7 8 9 11 12 13 16 19 20 22 25 26 27 28 29 37 38 41 42 43 44 45 46 49
24 2 3 5 7 9 12 13 15 17 18 21 22 26 28 29 30 31 32 33 35 39 42 47 48
31 0 3 4 6 7 9 10 11 13 14 16 17 19 20 23 24 25 27 28 29 30 33 34 35 41 42 45 46 47 48 49
21 1 2 3 5 7 8 9 10 12 13 16 18 19 21 22 24 25 29 31 39 45
28 0 3 5 6 8 9 10 11 12 15 18 19 21 23 24 25 27 28 29 30 31 32 34 37 38 41 42 46
25 0 1 2 3 6 7 10 12 13 14 17 18 20 22 23 25 26 28 29 34 36 37 38 43 45
28 1 2 3 5 7 9 12 13 14 17 19 20 21 27 29 30 31 33 37 38 40 41 42 44 45 46 47 49
26 2 5 6 7 8 12 14 16 17 21 22 23 25 27 28 29 30 32 33 36 37 39 41 44 47 49
26 7 8 9 10 11 14 15 18 19 20 21 22 23 25 27 29 34 35 37 38 42 43 44 45 47 48
24 2 3 4 5 6 9 10 11 14 15 17 23 25 32 34 35 37 38 40 41 44 46 47 48
23 4 5 9 12 13 15 16 17 19 20 21 27 28 29 32 35 38 39 40 42 44 47 49
19 3 7 9 11 14 17 18 22 24 27 28 30 33 37 38 40 42 47 48
19 0 5 11 12 14 17 24 25 28 29 30 33 34 36 38 40 46 47 48
29 0 1 3 4 5 6 7 8 10 15 18 21 22 23 24 26 28 30 31 32 35 37 38 39 42 44 45 47 48
28 0 3 4 6 7 9 11 12 14 15 17 18 19 20 21 25 28 29 30 31 33 36 37 38 40 42 43 45
25 0 1 3 4 5 7 9 11 13 15 16 18 19 20 21 23 24 25 29 33 35 39 40 41 48
26 0 3 4 7 9 10 11 13 16 17 18 22 25 26 28 33 34 35 36 37 38 40 44 47 48 49
26 1 4 5 7 9 10 12 13 15 17 22 24 25 26 27 30 32 35 36 37 40 41 42 46 47 48
28 2 3 4 6 7 8 10 11 12 13 14 15 16 20 21 25 27 29 30 31 32 33 39 40 43 44 45 47
29 0 1 2 6 9 10 11 12 13 15 16 17 20 23 24 25 27 28 30 34 35 38 39 40 41 42 44 47 49
26 2 3 4 5 6 9 10 12 15 16 17 19 22 26 30 32 33 35 37 42 43 44 45 46 47 49
23 2 3 5 6 8 10 12 14 17 18 25 26 28 29 30 34 36 40 42 45 46 48 49
24 0 1 3 5 7 8 10 11 12 14 16 21 22 23 24 25 27 32 33 36 41 44 45 48
18 3 6 7 10 11 16 18 19 23 24 33 34 37 40 41 42 45 47
27 1 5 6 7 11 14 15 16 17 19 20 24 26 27 29 31 32 33 34 35 38 39 42 43 44 45 47
31 2 3 4 5 6 8 10 11 12 16 18 21 24 26 27 28 29 33 34 35 36 38 40 41 42 43 44 45 46 48 49
27 2 3 4 5 7 11 12 13 14 15 18 19 23 24 25 29 30 32 34 36 37 40 41 43 45 47 48
29 0 5 6 7 8 9 10 12 13 14 15 16 17 18 21 26 27 28 31 32 33 34 35 39 43 45 46 48 49
21 0 2 3 5 6 7 10 12 14 21 24 26 28 29 31 34 37 39 41 45 49
19 0 3 6 7 8 10 13 14 15 17 19 24 30 31 34 39 42 43 49
25 1 2 4 5 6 7 9 15 16 17 18 19 20 22 26 27 28 31 32 36 37 41 44 46 48
24 0 1 3 5 6 7 10 11 12 13 15 23 24 31 32 34 35 36 38 39 40 44 46 47
27 1 2 6 10 13 14 16 17 18 22 24 25 26 27 28 32 33 34 35 36 37 38 41 42 44 47 48
23 0 2 4 10 11 13 14 16 19 20 21 22 23 24 27 29 33 34 38 40 44 46 49
20 1 5 6 7 12 17 18 19 24 27 29 32 34 35 41 42 43 44 46 47
26 1 3 5 6 9 11 12 15 17 18 19 20 21 22 23 24 25 26 29 31 32 35 40 44 45 47
20 0 6 10 13 14 16 17 20 21 25 27 31 33 35 36 37 41 42 44 49
22 0 1 5 8 11 13 15 17 18 21 22 24 27 28 36 37 38 39 42 47 48 49
24 0 1 2 6 8 9 10 11 13 14 17 19 23 24 26 28 30 31 35 37 39 42 43 45
23 2 4 6 8 9 18 19 20 24 26 30 31 34 35 36 39 41 42 43 44 45 47 49
27 0 1 2 3 5 6 8 10 12 14 16 17 19 21 23 27 30 31 35 36 37 39 42 45 47 48 49
25 0 1 6 9 10 12 15 16 18 19 20 25 26 29 30 31 32 34 35 36 40 42 45 46 49
25 0 3 4 8 9 10 17 18 21 23 24 25 31 32 33 34 36 37 39 41 42 43 44 47 49
20 2 4 8 10 11 13 15 18 24 29 32 35 36 37 38 40 44 45 46 47
23 0 1 2 3 6 10 11 12 13 14 16 18 21 23 24 25 34 35 40 43 46 47 49
24 0 2 4 5 7 10 15 17 18 19 20 25 28 29 31 34 35 40 43 44 46 47 48 49
26 4 5 6 7 8 9 10 14 15 16 19 22 25 28 29 30 31 32 34 36 41 42 45 46 48 49
24 1 2 4 9 10 12 15 18 20 22 26 29 30 31 35 36 37 38 39 40 41 42 43 46
24 0 1 3 4 6 7 8 9 11 14 16 17 21 26 28 29 35 36 38 41 42 43 48 49
30 0 1 5 7 8 11 12 14 15 19 21 22 23 25 26 27 30 32 33 34 35 37 39 40 43 44 45 47 48 49
26 1 5 6 10 11 12 13 14 15 17 20 21 24 25 30 32 33 37 38 40 41 42 43 44 45 48
28 0 4 6 9 10 11 12 13 17 18 25 27 28 30 31 32 34 35 36 39 40 41 42 43 44 46 48 49
29 0 2 3 5 8 9 10 12 15 16 17 20 22 26 27 28 29 30 31 33 35 36 37 38 40 44 45 46 48
21 0 2 5 6 9 10 17 21 23 24 29 32 34 39 40 41 42 43 46 47 48
25 3 4 5 6 8 9 11 12 13 15 17 21 25 27 29 33 34 35 36 37 38 39 40 43 46
23 0 3 5 7 10 13 15 17 20 21 23 25 28 30 31 37 38 39 40 41 42 46 48
27 1 2 3 5 7 8 10 12 13 14 18 21 26 27 28 30 31 34 36 37 38 39 41 42 43 44 49
29 0 3 4 6 7 8 9 11 12 13 14 17 18 20 21 22 23 24 29 31 32 33 37 39 40 41 42 46 48
31 0 1 5 6 7 9 10 13 14 15 18 21 22 25 26 29 30 31 33 34 36 37 38 39 40 43 44 45 47 48 49
22 9 12 13 16 17 18 19 21 23 25 28 29 32 33 34 36 37 40 41 46 47 48
25 2 5 11 13 17 18 20 23 24 25 29 30 32 33 35 36 37 38 39 40 42 43 46 47 48
34 0 1 3 5 6 8 9 10 11 13 17 18 19 20 21 22 23 24 25 26 27 30 35 36 37 39 40 41 42 43 44 46 47 49
24 2 3 4 8 9 14 15 19 20 22 24 29 30 32 33 34 38 39 40 42 43 44 47 49
19 7 11 12 13 14 15 16 17 18 20 24 25 27 31 32 39 40 46 49
28 0 1 2 3 4 8 10 11 16 17 22 23 24 27 28 29 30 31 32 36 40 42 43 44 46 47 48 49
26 1 2 5 7 8 9 13 15 16 17 19 21 22 23 25 27 29 32 36 37 39 40 41 43 44 46
17 9 12 15 19 20 22 25 29 33 35 36 38 41 44 45 46 47
24 2 3 6 8 10 11 12 14 15 17 18 20 21 22 26 27 30 34 36 38 39 42 44 48
22 1 2 3 4 5 8 10 11 15 16 17 21 23 26 27 29 31 36 38 41 47 49
30 0 1 2 3 4 6 7 12 14 15 16 17 19 20 22 23 25 28 31 33 34 38 39 40 41 42 43 44 45 46
25 0 4 5 7 8 10 11 12 14 17 18 20 24 25 27 32 33 36 37 38 39 41 42 45 48
21 0 1 2 8 10 13 16 19 21 22 25 26 27 28 31 33 38 39 42 44 46
29 0 1 4 5 8 12 14 15 17 18 19 20 22 23 24 25 26 28 30 31 35 36 37 39 41 43 47 48 49
29 0 3 4 5 6 8 10 11 13 14 17 18 19 20 22 23 25 26 27 28 32 36 38 39 40 42 44 46 48
25 0 2 3 4 6 7 11 14 15 16 17 18 21 27 30 34 35 37 38 40 41 42 46 48 49
20 2 9 15 16 17 19 20 22 23 27 28 29 32 38 41 42 43 44 45 49
26 0 2 3 8 9 10 11 15 16 17 18 23 25 29 31 35 37 38 41 42 43 44 45 47 48 49
31 1 3 5 11 12 13 15 16 17 18 20 21 22 25 27 28 31 32 33 35 36 38 39 41 42 43 44 45 47 48 49
23 0 4 5 6 7 12 17 20 24 26 28 30 35 37 38 39 42 43 44 45 46 47 48
22 10 11 14 17 19 20 21 22 24 25 27 30 31 32 37 42 44 45 46 47 48 49
28 1 3 4 5 6 7 8 9 15 17 18 20 21 22 23 24 26 28 29 30 32 33 34 40 41 44 45 48
26 1 2 3 6 7 11 12 20 21 22 28 29 31 32 33 34 35 37 38 39 41 44 46 47 48 49
31 0 1 2 3 4 10 11 12 13 14 15 18 20 21 24 26 28 29 32 34 36 37 39 40 41 42 43 44 45 47 48
36 0 1 2 3 4 5 7 8 10 11 12 15 16 17 20 21 24 25 26 27 28 29 30 31 32 36 39 40 41 42 43 44 45 46 47 49
21 2 4 9 11 12 13 14 17 18 20 21 23 24 27 28 29 30 31 32 46 47
23 0 1 5 11 16 17 18 19 22 23 26 27 29 30 31 33 34 35 38 39 40 41 46
22 0 2 3 7 8 14 15 20 21 23 24 26 32 33 34 39 42 43 44 47 48 49
20 1 2 5 6 10 13 15 17 19 22 23 32 35 36 37 39 40 42 43 49
25 1 2 6 7 9 12 13 14 16 18 22 23 25 29 31 32 35 40 42 44 45 46 47 48 49
25 1 3 4 5 6 7 8 9 12 13 17 19 21 23 24 30 31 32 33 34 39 41 44 47 49
32 0 1 2 3 4 6 7 8 9 10 11 13 14 15 17 18 19 20 21 22 28 29 34 38 39 41 42 44 45 46 48 49
21 0 3 4 6 13 14 15 17 25 26 28 30 31 33 38 39 40 41 44 46 49
30 0 3 4 7 8 9 10 11 13 14 15 18 20 22 24 25 27 28 32 35 36 37 39 40 41 42 43 47 48 49
31 0 4 5 6 7 10 11 12 15 16 17 18 19 20 23 24 25 27 29 30 31 32 34 37 38 41 43 44 45 46 49
25 2 6 7 8 9 12 13 14 15 16 18 19 31 32 33 34 37 38 39 42 43 45 47 48 49
23 1 2 5 6 11 12 14 16 20 23 29 30 32 34 35 36 38 39 42 43 46 48 49
19 0 1 2 4 10 16 17 18 23 24 28 30 34 36 37 42 46 47 49
23 1 2 3 4 5 6 9 11 13 17 20 21 22 25 26 27 28 30 36 42 43 45 48
29 0 1 2 3 5 6 7 9 11 13 16 17 18 19 21 22 23 24 27 28 29 30 35 37 38 39 46 47 49
28 0 2 4 6 7 8 10 12 14 16 18 22 23 24 25 29 33 34 36 37 38 39 40 42 44 46 47 49
18 1 7 9 10 13 15 19 21 23 24 32 33 37 39 40 41 45 49
26 0 2 4 6 9 12 13 14 16 19 23 25 27 28 29 31 33 34 35 37 39 41 44 46 47 48
27 0 2 5 6 8 10 12 15 17 19 22 24 25 27 28 29 32 34 35 36 38 39 40 41 43 46 48
29 1 3 5 6 9 10 12 13 14 19 20 21 22 25 27 28 29 30 31 32 34 35 36 40 41 42 43 45 47
29 0 1 3 4 7 8 13 14 17 18 19 23 25 26 27 31 34 36 37 38 39 40 41 42 43 44 45 47 49
30 0 2 3 4 7 9 13 14 15 17 18 20 22 23 24 25 26 28 30 34 37 38 41 42 43 44 45 46 48 49
18 0 4 6 9 10 14 19 22 23 24 25 26 27 29 30 32 44 45
21 0 1 2 5 6 7 9 13 15 18 19 20 24 26 27 29 30 41 42 43 46
22 0 6 8 9 12 14 15 18 19 20 25 28 32 35 37 39 41 42 43 46 48 49
21 1 2 5 6 7 8 11 13 14 15 16 19 24 29 32 37 40 41 44 48 49
30 0 1 3 6 9 10 12 13 14 16 18 20 21 24 25 26 29 30 33 37 38 39 40 41 42 43 46 47 48 49
19 5 6 9 10 12 18 21 22 33 34 36 40 42 43 44 45 46 47 48
29 0 1 3 4 7 16 17 20 21 22 24 25 26 28 29 30 31 32 34 35 36 37 39 40 41 42 43 46 47
22 1 3 5 7 10 14 18 24 25 26 28 34 35 36 37 39 43 44 46 47 48 49
21 3 5 8 9 11 13 17 18 19 20 21 26 27 29 30 31 38 41 46 47 49
23 0 4 8 9 11 14 15 16 18 20 21 29 31 34 37 39 40 42 43 44 46 47 48
29 0 1 2 3 8 9 11 12 13 14 15 16 18 19 22 24 25 26 27 28 29 31 34 37 38 40 45 48 49
26 2 6 7 9 10 11 12 13 16 17 18 19 20 21 22 23 24 25 26 29 32 36 38 41 42 49
28 1 2 3 4 8 9 10 11 12 14 16 18 19 21 24 27 28 31 33 35 36 40 41 42 43 45 46 49
29 0 2 5 6 7 8 9 11 12 13 15 17 18 21 23 24 25 29 30 32 33 34 36 39 40 42 44 46 48
25 1 2 3 7 8 9 16 19 21 22 23 29 31 34 35 36 37 38 40 41 44 45 46 47 48
30 0 2 4 5 6 8 9 12 13 14 15 16 19 20 25 26 27 28 29 31 34 35 37 41 42 43 44 46 47 49
20 1 4 6 10 11 13 14 18 19 22 26 30 31 33 34 39 41 43 48 49
25 1 3 4 5 7 8 9 15 17 21 22 25 28 29 30 31 32 33 36 39 40 42 44 45 46
24 1 3 4 5 8 9 11 13 16 17 18 20 21 23 24 28 31 32 36 39 42 46 48 49
29 0 1 2 4 5 10 13 14 15 16 19 20 22 23 24 25 27 28 29 30 31 32 36 37 38 39 45 48 49
22 0 2 3 5 7 10 11 13 18 23 24 25 26 29 35 36 37 39 40 42 44 46
25 0 1 4 5 7 9 13 14 15 17 20 21 22 26 28 30 31 33 37 38 39 40 41 42 44
28 1 2 3 4 5 7 8 9 10 13 14 15 17 19 20 23 25 26 29 31 36 37 42 43 45 46 48 49
24 0 1 7 9 11 12 13 18 19 22 23 24 25 28 29 31 32 34 35 39 40 41 47 49
21 0 4 5 6 15 16 18 22 23 24 27 30 32 33 34 41 42 44 45 46 47
13 1 2 8 10 13 22 24 30 33 36 39 44 49
23 0 2 3 4 7 8 9 12 13 17 18 23 25 28 32 37 38 40 41 45 46 47 49
24 0 2 3 6 7 8 11 13 15 21 23 25 26 27 28 31 35 38 41 42 44 45 46 47
22 2 9 10 12 18 23 24 27 28 31 32 33 35 37 38 41 43 44 45 47 48 49
28 0 2 3 4 7 8 10 11 13 14 16 17 19 21 22 23 25 26 27 28 29 30 32 39 41 43 46 49
22 2 5 9 14 17 18 19 21 22 24 25 27 29 30 31 32 37 41 42 43 45 46
27 1 4 8 9 11 12 13 14 15 16 17 18 19 22 24 25 26 27 31 35 38 39 41 46 47 48 49
19 2 12 14 20 21 27 28 32 34 35 37 38 40 42 44 45 46 47 49
30 0 1 2 3 5 6 7 8 9 10 11 12 16 18 19 20 22 23 25 26 27 29 33 35 38 39 41 46 48 49
23 3 4 9 10 14 15 17 19 20 23 24 25 27 29 30 31 41 42 44 45 47 48 49
25 0 1 4 7 13 18 19 20 21 22 23 26 28 29 31 32 33 34 38 40 42 43 45 46 49
23 1 3 4 5 6 7 8 9 10 11 16 20 27 28 30 31 36 37 41 43 46 47 48
26 0 1 3 4 6 8 10 11 12 15 16 20 21 25 26 28 30 31 32 33 38 40 41 46 47 49
20 0 4 9 15 20 24 25 27 28 30 31 32 34 37 39 40 41 44 46 48
25 0 1 2 5 6 11 13 14 18 26 27 30 31 32 33 34 35 36 37 38 40 44 47 48 49
24 2 3 5 6 7 9 12 14 18 20 21 22 23 24 26 37 38 39 40 42 43 44 46 47
20 3 5 10 11 12 14 15 17 19 21 25 26 28 30 35 36 37 38 43 45
24 1 2 3 5 9 12 13 19 20 24 25 26 28 31 33 39 40 42 43 44 45 46 47 49
27 2 4 5 9 11 14 15 16 17 19 22 23 25 28 29 30 31 32 33 34 35 39 40 42 44 47 48
24 0 3 5 7 9 10 11 12 17 18 24 25 26 30 31 32 38 39 42 44 45 46 48 49
24 2 3 4 5 6 10 13 14 15 17 18 19 20 24 25 27 28 29 30 31 32 40 46 47
30 2 3 4 5 6 8 12 13 15 16 18 20 22 24 25 27 29 30 32 34 37 38 39 41 43 44 45 46 47 48
25 0 2 4 5 7 8 9 11 12 13 15 20 21 25 26 30 31 32 33 41 43 44 45 47 49
26 3 5 7 8 10 12 13 15 19 21 23 24 25 28 29 30 31 33 35 37 38 41 42 45 46 48
24 1 4 5 6 8 9 11 14 15 17 20 21 22 24 26 27 29 32 33 41 42 44 46 49
25 1 2 3 4 5 6 13 14 15 21 23 25 29 32 33 35 36 37 39 41 42 43 44 47 49
25 3 5 6 8 9 10 12 14 18 20 22 23 24 25 28 29 30 31 35 36 38 39 42 48 49
30 0 1 2 4 6 8 9 10 13 14 15 17 18 20 21 22 24 25 26 29 31 32 33 37 38 39 42 46 47 49
24 1 2 3 7 12 13 14 15 16 18 22 24 25 26 28 30 31 32 36 38 41 42 44 49
22 0 2 3 4 10 11 12 14 15 17 18 19 21 24 31 37 39 40 43 44 48 49
29 1 2 5 6 8 11 13 14 15 17 18 20 21 22 24 25 27 28 30 32 34 35 36 38 41 43 47 48 49
21 1 2 9 10 12 14 18 19 23 24 27 28 33 34 37 39 44 46 47 48 49
20 1 3 7 8 9 10 15 17 18 20 22 24 28 29 30 32 36 38 39 41
28 0 4 6 7 8 11 12 13 14 15 18 19 20 21 27 28 33 36 37 39 40 41 42 43 45 46 48 49
26 0 1 2 3 4 7 8 9 11 12 14 15 20 21 22 25 26 28 30 31 32 33 37 40 42 47
30 0 2 4 6 7 10 13 15 16 18 19 23 24 26 28 29 30 31 32 35 36 37 38 39 40 42 45 46 48 49
26 0 1 3 4 5 6 7 9 11 12 14 16 17 18 19 24 26 29 32 34 35 37 41 44 45 48
26 0 2 7 8 9 11 12 18 20 21 22 26 27 29 31 32 33 37 38 39 42 43 44 45 47 48
20 1 2 4 5 6 7 8 14 17 19 21 26 30 31 32 35 37 39 40 49
18 0 2 3 9 10 13 16 17 19 22 24 25 35 38 42 43 44 49
27 4 5 7 8 11 12 15 16 19 21 23 25 29 30 32 35 37 38 39 41 42 43 44 45 47 48 49
28 0 1 2 5 6 7 8 9 12 14 16 18 20 23 24 28 30 31 32 34 35 38 39 41 46 47 48 49
27 1 2 4 6 11 12 14 17 18 21 27 28 29 30 31 32 33 34 35 36 37 39 40 41 44 47 48
23 0 1 5 7 8 10 11 12 15 17 18 23 24 25 26 27 28 34 35 36 43 46 47
31 0 1 4 5 7 8 11 12 13 16 18 19 22 25 26 27 29 30 31 32 34 35 36 37 41 42 43 45 47 48 49
22 0 1 3 7 8 9 10 15 18 19 21 22 25 30 31 37 39 40 44 45 48 49
20 3 4 5 6 7 9 10 16 20 24 26 30 31 32 35 36 37 39 41 44
25 0 1 3 4 5 8 9 12 13 16 21 22 25 27 28 29 30 31 32 37 39 40 42 44 46
26 3 4 6 7 8 11 13 17 19 20 22 24 25 26 27 33 34 35 37 38 39 42 43 47 48 49
29 0 1 2 7 8 9 12 13 14 16 17 20 21 22 24 25 27 28 29 30 31 32 33 38 40 42 45 46 47
24 1 6 7 8 9 12 13 15 19 21 26 27 28 29 30 34 35 38 40 41 42 43 46 49
22 3 4 5 7 9 12 13 17 18 19 20 22 25 28 30 31 32 36 37 40 41 45
20 1 4 5 6 7 9 13 16 20 21 22 23 24 32 37 38 40 41 43 46
32 1 2 3 7 9 12 13 14 15 16 18 20 21 22 25 29 30 31 32 34 35 37 39 40 41 42 43 44 45 46 48 49
24 2 4 5 7 8 9 12 15 16 20 22 26 27 28 29 31 32 34 39 40 41 42 43 45
26 1 2 6 8 12 16 18 21 22 23 25 26 27 30 31 32 33 37 38 39 40 43 44 45 47 48
20 3 5 6 11 13 15 21 22 23 28 31 32 35 38 39 40 42 45 46 47
24 0 2 7 9 10 11 12 15 19 20 22 26 28 29 30 32 34 35 37 38 41 42 44 45
22 0 1 2 4 8 10 11 13 15 21 24 25 27 30 31 32 35 36 40 45 46 47
27 4 5 6 7 8 10 11 12 13 16 17 19 20 22 23 24 26 28 31 33 34 37 39 41 44 45 46
24 1 2 3 4 5 9 11 14 15 16 18 19 20 21 29 31 32 33 38 40 43 45 46 48
26 3 4 12 13 15 16 17 18 19 20 21 25 27 28 30 32 33 34 36 37 38 39 44 47 48 49
21 4 6 7 8 12 13 18 19 21 22 28 29 32 36 37 38 39 40 41 42 48
25 0 1 3 4 5 9 11 12 14 15 16 18 20 21 23 27 32 36 37 38 43 44 47 48 49
26 1 3 7 9 10 11 13 15 16 18 21 22 24 26 27 29 32 33 34 35 36 37 40 43 48 49
30 1 2 3 4 5 7 8 9 11 12 13 14 15 16 23 26 27 28 30 32 33 34 35 36 39 42 43 45 47 49
25 0 2 3 4 5 7 9 11 13 16 17 22 23 24 28 29 34 35 36 37 38 41 45 48 49
28 0 1 2 3 4 5 6 8 9 10 11 15 17 19 20 26 27 30 32 33 35 36 38 43 44 45 46 49
27 3 5 7 10 15 16 17 19 20 22 23 24 25 26 27 29 31 32 33 34 36 39 41 43 44 45 46
25 0 1 4 5 7 8 11 12 14 18 23 25 28 29 32 34 35 37 41 42 43 44 45 48 49
21 0 1 5 10 12 15 17 22 24 26 28 30 31 32 34 40 42 45 46 47 49
21 2 3 5 6 8 11 12 14 15 17 19 25 30 32 33 34 36 37 40 43 48
19 3 5 7 14 18 26 28 29 30 31 33 37 38 39 41 43 45 46 48
23 1 2 3 5 9 11 14 16 18 19 20 23 25 29 30 32 33 34 36 39 42 44 48
30 1 2 3 5 8 11 14 15 17 18 20 24 26 27 28 29 31 32 34 35 37 38 39 40 41 42 43 45 46 49
29 0 1 5 6 11 14 15 16 19 20 22 23 24 25 26 27 31 32 33 34 35 39 40 41 42 43 44 47 48
25 1 2 3 6 7 9 10 13 14 15 16 18 22 26 29 33 34 35 38 39 42 43 46 47 49
29 1 2 3 4 7 11 12 13 14 16 19 20 21 22 25 28 30 33 36 37 38 39 41 42 43 44 45 47 48
28 0 2 4 6 7 10 14 16 17 18 20 23 24 26 28 29 30 33 34 36 37 38 40 44 45 46 48 49
28 0 2 3 5 7 8 10 11 12 15 16 18 19 20 22 27 29 30 31 32 34 35 36 37 40 43 46 49
22 0 1 4 5 7 8 10 17 24 25 27 28 31 32 33 35 41 43 44 46 47 48
28 2 4 6 7 8 9 10 12 13 14 16 18 20 22 26 27 28 30 31 35 36 38 39 40 43 44 46 47
27 1 2 3 5 6 8 9 11 12 13 14 17 19 20 21 23 28 31 33 34 37 38 41 43 44 48 49
25 3 5 6 8 11 12 13 14 17 18 20 23 24 26 29 31 34 35 36 37 38 41 42 45 46
16 3 4 6 7 12 17 21 22 23 27 31 36 41 43 45 47
21 4 5 6 8 10 11 18 22 23 24 25 28 29 30 33 34 35 42 44 46 48
26 0 2 4 5 7 8 11 12 13 15 16 17 20 22 23 25 29 32 34 35 37 39 41 43 44 46
27 3 6 10 11 12 13 14 15 16 19 24 25 26 28 29 31 32 35 36 39 40 41 43 45 46 48 49
22 0 6 7 9 13 15 18 21 22 23 26 28 31 32 33 34 35 36 41 43 45 49
30 2 4 5 6 8 12 13 14 17 19 20 21 22 26 27 29 30 31 33 34 35 36 37 39 42 43 44 45 46 49
24 0 3 4 8 9 10 14 16 17 18 19 21 22 23 24 25 26 28 29 33 39 40 43 48
21 0 2 3 6 12 13 14 17 18 23 24 25 27 28 29 33 35 37 45 46 47
21 1 2 5 9 11 12 15 20 26 27 30 34 36 39 40 42 44 45 47 48 49
23 0 3 4 5 6 7 8 9 11 14 17 20 22 23 25 26 27 28 33 38 42 48 49
26 1 3 4 5 6 7 8 9 10 11 12 15 16 20 23 25 27 31 32 34 36 37 38 40 44 45
25 0 1 3 6 7 11 12 14 16 17 18 20 21 23 26 30 31 33 35 40 41 45 46 48 49
26 1 2 3 4 6 7 9 13 15 16 20 21 23 24 25 26 30 32 37 38 41 43 44 45 46 47
26 0 2 5 8 13 14 15 16 17 18 19 20 22 26 27 29 31 35 36 37 40 42 43 44 47 48
20 0 2 6 8 9 11 19 21 22 24 28 33 34 36 37 38 40 41 42 45
23 0 1 6 9 13 19 22 24 25 26 27 28 29 32 33 35 36 37 38 39 40 41 42
25 0 2 3 4 5 8 14 15 16 17 18 20 22 23 24 29 30 32 34 39 43 44 46 47 48
26 0 1 2 3 7 10 12 14 15 16 18 20 23 25 26 27 28 31 34 35 37 40 42 46 48 49
34 0 1 3 4 5 6 7 8 12 13 14 16 19 20 21 22 23 24 25 26 31 32 33 35 36 37 38 39 40 41 42 44 46 48
27 2 4 6 8 9 11 14 16 17 21 22 23 25 26 28 30 34 35 36 37 38 40 43 44 45 46 48
18 0 3 6 8 9 10 12 15 17 20 27 33 34 35 37 41 44 45
20 1 2 4 6 12 14 16 19 21 24 27 31 32 33 34 35 37 43 44 47
27 0 2 4 5 7 9 10 15 16 18 21 22 23 27 28 29 30 33 34 36 37 38 41 42 44 47 48
29 0 2 3 4 5 10 11 12 14 15 16 18 20 22 26 27 28 29 31 37 39 40 41 43 44 45 46 48 49
36 0 1 2 3 4 5 6 7 8 9 10 11 13 15 16 19 20 21 23 28 29 30 32 33 34 35 37 38 40 41 42 43 44 46 48 49
22 0 1 3 4 8 11 13 14 18 21 26 29 30 31 33 34 36 38 39 43 45 48
27 1 4 7 8 9 10 11 13 14 18 19 20 21 22 23 24 28 29 31 34 37 40 41 42 45 46 49
27 0 2 4 6 7 10 13 15 16 18 19 21 22 23 25 26 28 29 31 33 34 36 37 38 41 45 49
28 0 1 3 4 6 7 8 10 12 16 22 23 24 25 27 28 29 32 33 34 36 37 38 43 46 47 48 49
17 2 4 5 6 7 8 11 18 22 27 31 33 36 39 41 43 49
22 0 3 7 8 9 10 14 18 21 23 25 26 28 29 34 35 38 39 40 42 47 48
19 0 1 4 7 9 11 12 13 14 20 25 29 30 31 32 36 37 39 47
21 2 3 6 7 10 11 13 15 16 20 21 22 23 24 34 35 36 38 41 42 48
26 0 2 3 4 5 6 7 8 10 12 15 16 17 18 23 24 27 28 29 30 32 38 39 40 41 45
24 0 5 8 9 10 11 15 19 21 24 26 29 32 33 35 39 40 41 42 43 45 46 47 49
27 0 2 4 5 7 8 10 12 16 18 19 21 24 26 28 30 34 36 38 39 40 41 42 43 44 45 48
28 1 3 5 6 9 11 14 15 16 17 19 20 21 23 24 26 29 31 34 35 37 39 41 42 43 46 48 49
22 0 1 2 4 7 9 12 13 14 18 19 23 32 34 36 38 39 40 41 44 45 49
25 1 5 6 7 9 10 13 17 20 21 22 23 26 27 28 29 32 33 34 39 40 45 46 47 49
31 0 2 3 5 7 8 9 11 12 13 16 17 19 20 21 22 24 26 28 29 30 31 33 34 36 37 40 41 46 48 49
23 0 1 6 11 16 17 18 23 24 26 27 29 34 35 36 39 40 42 43 45 47 48 49
25 1 3 4 10 13 14 17 18 19 21 24 25 26 28 29 33 34 35 36 40 44 45 46 48 49
36 0 1 2 6 9 10 11 12 13 14 15 16 17 18 19 20 22 23 24 25 26 31 32 34 35 36 38 40 41 42 43 44 45 46 48 49
22 0 1 2 3 4 9 10 13 15 17 19 21 24 30 31 32 34 38 41 42 47 49
27 2 5 7 8 12 13 14 15 18 19 20 21 22 23 25 26 31 32 33 34 36 37 38 43 47 48 49
25 1 2 3 5 7 8 10 12 13 14 16 17 22 25 27 29 30 31 32 38 41 43 47 48 49
22 3 4 5 7 8 9 11 12 13 15 17 20 21 29 31 34 35 40 41 42 46 47
24 5 6 7 8 9 13 20 21 22 24 25 27 28 31 32 33 36 38 39 40 41 47 48 49
21 0 1 4 9 10 11 14 16 17 20 21 23 25 27 30 32 34 37 41 44 47
23 1 6 7 8 10 12 13 15 16 23 25 27 29 30 32 38 39 40 41 42 44 46 48
25 0 1 5 6 13 15 17 18 19 20 21 23 24 25 27 28 33 34 39 40 41 42 43 46 49
21 1 2 5 10 16 17 20 23 28 29 32 33 34 35 36 40 41 43 46 47 49
19 2 6 9 13 15 16 17 20 22 23 24 27 31 32 33 35 38 39 40
22 2 3 8 10 11 14 20 22 23 25 27 28 32 37 39 40 41 43 44 45 47 49
27 0 4 5 7 8 9 11 13 14 17 19 22 24 25 27 30 31 34 35 36 38 40 43 45 47 48 49
24 5 6 8 9 10 11 12 13 14 16 17 19 21 22 23 25 26 29 32 34 35 39 42 46
20 2 3 4 5 7 9 12 13 15 16 19 21 24 28 36 38 42 45 46 49
31 0 2 3 4 5 6 9 10 11 13 14 15 18 19 21 22 23 24 27 28 29 30 33 37 38 39 41 42 44 45 48
23 0 1 2 3 5 8 9 13 15 16 17 22 31 32 35 36 37 39 41 43 44 45 46
31 2 3 5 8 9 10 11 12 14 15 17 21 22 23 24 25 26 29 30 32 35 37 38 39 41 43 44 45 46 48 49
23 3 7 12 13 17 18 21 22 23 25 29 30 31 32 35 37 38 40 41 42 44 45 49
29 0 1 4 6 7 9 11 12 14 15 18 20 22 23 24 25 27 28 29 30 33 35 36 37 39 40 43 44 46
25 1 4 5 6 8 9 11 12 16 18 20 22 25 26 28 29 32 34 36 38 39 41 43 45 48
28 0 4 5 7 8 9 12 14 16 17 18 20 23 24 26 27 28 30 31 35 36 38 39 41 44 45 48 49
22 1 2 7 9 10 11 14 16 20 21 24 25 28 30 32 34 36 40 41 46 47 49
26 4 5 6 10 11 12 14 16 18 22 24 25 26 27 29 30 33 38 40 42 43 44 45 46 47 49
30 2 3 5 7 8 9 11 12 14 16 17 20 21 22 23 26 28 29 30 31 34 35 36 39 40 44 45 46 47 49
23 3 6 7 8 9 10 13 14 16 17 18 19 20 21 22 23 28 32 34 35 44 46 47
27 0 2 5 6 7 8 12 15 18 20 21 23 25 26 27 28 29 30 34 38 39 42 43 44 45 46 49
22 3 5 6 7 10 12 15 17 19 20 21 23 25 28 34 39 41 42 45 46 48 49
26 4 5 6 7 9 13 14 15 16 17 18 19 23 24 26 31 32 34 35 36 38 40 42 43 46 49
26 0 1 3 7 13 14 15 16 17 19 22 23 24 25 26 27 29 34 35 36 37 39 40 43 44 47
23 0 3 4 8 9 11 12 15 16 19 21 23 24 26 30 31 33 38 41 43 45 48 49
28 0 1 2 5 8 11 13 15 17 19 20 21 23 24 26 27 31 32 33 34 35 38 41 42 44 45 47 48
27 0 1 3 4 5 6 7 8 10 11 12 16 18 21 23 27 28 29 32 33 34 35 37 38 42 44 47
22 1 4 9 10 11 12 15 16 17 19 22 24 25 27 28 30 36 37 39 41 42 43
20 1 2 4 7 9 10 18 21 24 27 35 36 38 40 41 42 44 45 48 49
28 1 2 3 4 6 7 9 14 16 17 18 21 22 23 24 27 28 29 30 31 32 34 36 37 38 41 42 45
23 0 3 4 5 6 7 9 12 17 18 19 20 21 22 23 25 29 30 34 36 43 45 49
31 0 3 4 6 8 9 12 13 16 17 18 20 21 22 26 27 29 30 31 32 33 34 35 36 37 38 40 43 46 48 49
25 0 2 4 5 7 8 9 13 16 18 24 27 29 31 32 33 34 36 39 40 41 42 44 45 47
27 1 2 3 4 5 7 8 9 10 11 12 14 15 16 17 20 22 25 28 29 30 32 35 37 39 46 47
21 2 3 4 11 12 13 14 16 21 22 24 27 32 33 34 37 39 44 47 48 49
24 0 4 7 8 11 12 13 14 15 17 19 22 25 27 28 29 35 37 41 42 45 47 48 49
23 2 6 7 10 11 13 14 15 18 20 21 24 26 27 28 30 31 33 36 45 46 47 49
24 0 3 6 7 8 9 11 14 15 19 21 22 27 28 29 32 34 35 36 38 39 41 46 48
29 0 1 2 3 5 6 7 8 14 15 16 17 18 19 21 23 25 29 31 34 35 37 38 39 43 44 45 46 47
22 0 4 5 6 8 9 10 14 15 18 20 22 24 28 35 36 37 39 40 44 45 49
30 1 2 3 4 9 11 12 13 14 16 18 19 20 22 24 25 27 28 30 31 32 33 36 37 42 44 45 46 48 49
27 3 11 13 14 15 16 17 20 22 23 24 26 27 28 31 33 34 35 36 39 40 41 42 45 46 47 48
21 3 4 8 10 13 14 17 18 22 25 29 30 31 32 38 40 41 43 44 45 47
21 0 1 7 9 10 13 15 18 20 21 23 24 25 27 30 31 35 37 39 43 45
21 5 6 7 8 11 15 16 17 18 19 23 26 30 32 34 40 41 45 46 47 49
20 0 1 4 5 7 8 10 12 14 20 21 22 23 26 28 32 34 41 42 45
26 1 2 6 7 11 13 14 16 17 18 19 22 23 24 27 28 32 34 39 40 41 42 43 44 47 49
20 0 1 3 10 13 14 15 16 20 22 23 27 29 31 35 40 41 42 48 49
26 0 1 6 9 11 12 14 15 20 22 23 25 29 30 31 33 34 35 37 38 39 42 44 47 48 49
24 0 4 5 7 10 11 12 20 21 22 24 26 27 29 30 31 37 39 40 43 44 46 47 49
27 3 5 6 7 11 12 13 14 15 16 17 18 20 21 24 29 30 31 34 36 38 39 42 46 47 48 49
25 4 5 6 7 9 10 11 13 14 16 20 25 26 27 30 32 35 36 37 38 40 43 44 45 49
26 4 6 7 9 12 14 15 17 18 19 20 21 22 24 25 33 34 35 36 37 38 40 42 43 46 48
25 3 6 7 10 11 15 17 18 21 22 23 25 27 29 31 33 36 37 38 39 40 41 45 46 47
33 0 2 5 7 8 9 10 11 12 13 15 16 17 18 19 20 21 22 24 25 26 29 30 32 34 36 37 40 42 43 45 46 48
27 4 5 6 7 9 11 12 14 15 16 19 20 22 27 28 30 31 35 36 37 39 40 41 44 46 47 49
25 5 7 8 10 13 14 15 16 19 20 23 24 26 29 31 32 33 35 36 37 39 41 42 45 48
22 0 1 3 4 5 6 7 9 11 15 16 17 18 19 22 25 27 29 34 37 42 43
20 0 1 3 5 8 9 10 13 16 18 20 23 27 31 32 35 37 41 42 45
26 2 5 8 10 11 15 16 19 20 21 22 23 24 28 29 30 31 32 33 36 38 39 40 45 46 48
18 0 5 6 8 10 14 22 24 25 27 28 33 35 37 40 41 46 49
28 2 3 5 9 10 11 16 17 18 19 20 21 26 27 28 29 30 31 33 35 37 39 40 42 43 46 48 49
24 1 2 3 6 7 9 11 14 19 20 22 23 24 25 26 27 30 34 35 36 39 43 47 49
29 0 1 4 7 10 12 13 15 16 20 21 22 23 24 26 27 28 29 33 34 35 36 37 40 41 42 43 47 48
25 2 3 11 12 14 15 16 17 18 21 23 24 25 28 31 34 36 37 40 42 43 44 47 48 49
28 0 1 4 5 7 9 13 14 17 18 20 21 25 26 29 30 32 33 35 36 37 39 41 42 43 44 45 49
28 0 1 4 7 10 11 12 13 14 15 18 20 21 22 25 28 30 32 33 35 36 38 40 42 43 44 46 49
28 1 3 4 6 7 8 9 10 14 15 17 18 19 20 22 28 30 32 33 37 40 41 43 45 46 47 48 49
28 0 2 3 4 7 11 13 14 17 18 19 20 21 23 25 27 28 30 33 35 36 37 38 39 42 47 48 49
25 0 3 5 6 8 9 14 21 22 26 27 28 29 30 33 34 37 38 40 41 42 45 46 48 49
31 0 2 5 7 8 9 11 15 17 19 20 21 23 28 29 31 32 34 35 38 39 40 41 42 43 44 45 46 47 48 49
25 0 1 5 6 7 13 14 16 17 20 21 22 29 30 33 34 35 36 41 42 44 45 46 48 49
28 0 2 7 8 9 11 12 13 14 15 16 18 21 22 26 27 28 29 33 34 35 37 38 40 41 45 46 49
23 1 3 5 8 11 12 13 16 17 18 20 24 25 29 33 34 35 37 40 42 46 48 49
23 0 2 3 4 7 8 10 11 13 15 18 19 22 23 31 33 37 38 39 41 43 44 47
24 0 3 4 9 12 13 15 18 21 22 23 25 26 27 29 32 35 36 38 41 43 45 47 48
27 0 1 2 3 4 6 9 13 16 17 19 24 25 26 27 29 30 31 33 34 35 37 39 42 44 46 49
26 0 1 2 4 5 6 7 9 10 12 13 18 19 22 23 25 28 30 31 36 40 42 43 45 46 48
27 0 1 2 8 9 11 12 15 16 18 19 21 24 25 26 28 29 33 35 37 38 39 40 42 45 47 48
23 2 3 4 5 7 10 13 15 16 18 20 21 22 29 30 34 36 41 42 43 44 46 47
20 0 1 2 3 8 11 12 16 23 24 25 30 31 34 35 37 43 46 47 48
26 0 2 4 5 6 7 9 11 16 18 21 22 25 26 27 30 31 32 35 37 38 42 43 47 48 49
25 5 7 8 9 10 11 13 15 16 18 19 20 21 22 28 30 32 35 36 37 39 42 46 47 48
26 0 1 3 5 6 7 8 9 11 13 19 20 26 28 31 34 35 37 39 40 41 43 44 45 47 49
27 2 4 5 6 7 8 9 13 15 21 23 27 29 30 31 33 38 39 40 41 42 43 44 45 46 47 48
29 0 1 5 6 7 8 10 11 12 15 16 20 23 25 26 27 28 29 31 33 36 37 38 39 40 41 46 48 49
24 1 5 7 9 10 11 12 15 16 18 26 28 30 32 33 34 35 37 38 39 43 44 45 49
24 0 1 3 5 7 14 15 16 17 18 21 24 26 27 29 31 32 34 36 37 38 40 42 47
24 0 1 4 5 6 7 8 12 24 25 26 27 28 29 31 32 36 37 38 40 42 44 46 47
27 0 2 9 12 14 15 16 17 20 21 23 24 28 29 30 33 34 37 39 41 42 43 44 45 46 47 48
28 0 1 2 4 7 9 10 12 14 17 19 20 21 22 24 28 29 30 31 35 37 38 42 44 45 47 48 49
27 1 2 6 8 9 10 11 14 16 17 18 21 23 25 26 30 31 32 34 35 36 37 38 39 40 46 47
19 1 4 6 9 12 13 17 18 20 23 24 25 26 28 31 32 34 36 42
19 0 7 8 9 11 13 15 16 20 24 28 29 32 34 37 38 45 47 48
27 1 2 3 5 9 11 12 13 17 18 20 22 23 24 25 27 28 29 33 34 35 36 37 42 44 48 49
22 3 4 5 6 8 10 11 15 18 19 21 22 24 26 32 33 34 37 42 44 45 49
28 0 2 3 5 8 11 12 14 15 18 20 21 22 23 24 25 26 27 30 34 35 36 38 39 42 45 47 48
30 0 1 2 4 5 7 8 13 14 15 17 18 19 20 21 22 24 30 32 33 35 38 39 40 41 43 44 45 47 49
25 0 3 6 10 11 14 15 17 18 21 23 27 28 30 32 33 34 35 38 39 41 42 43 46 47
23 0 1 3 4 7 11 15 17 20 21 22 23 25 26 31 35 38 40 41 42 43 44 45
25 1 3 4 5 9 11 12 13 17 19 20 21 23 27 30 35 36 39 40 43 44 45 46 48 49
25 2 4 5 6 7 9 10 11 13 14 17 18 20 21 22 23 25 29 40 41 43 45 46 47 48
25 1 3 5 8 10 11 13 14 15 17 20 22 23 24 25 27 28 30 31 37 39 42 46 47 49
28 0 1 2 4 5 9 10 12 13 14 15 20 24 27 28 29 32 33 34 35 36 39 41 42 45 47 48 49
20 6 7 12 13 14 16 20 21 24 25 27 28 29 30 33 37 40 42 45 46
28 2 4 6 7 10 11 13 14 15 16 17 18 19 20 21 22 23 31 34 35 36 38 39 41 43 45 47 48
27 1 3 7 8 13 14 15 17 18 19 21 24 25 26 29 31 32 34 36 37 39 41 42 43 44 47 49
19 1 2 5 6 13 14 16 21 22 26 27 29 33 34 35 36 38 44 47
30 0 2 3 4 5 6 7 8 9 10 12 13 14 15 16 17 19 20 21 22 25 26 27 29 34 36 39 40 42 47
24 1 2 3 6 10 13 14 17 19 20 23 24 25 27 28 30 32 33 37 39 44 46 47 49
23 1 4 7 9 10 11 12 13 14 16 17 21 23 25 26 29 32 40 42 43 44 45 48
23 0 4 6 7 10 14 16 20 21 22 24 26 27 30 34 36 37 38 39 44 45 46 49
23 1 2 4 8 10 11 13 14 15 16 18 20 21 22 24 25 26 29 31 35 36 37 44
28 1 5 7 8 12 13 14 16 17 18 19 21 22 23 25 26 30 31 33 35 36 37 39 41 42 44 45 46
20 7 10 11 15 16 18 23 24 25 27 31 33 34 35 36 37 38 42 44 47
